"key","PC1","PC2","PC3","PC4","PC5","PC6","PC7","PC8","PC9","PC10","PC11","PC12","PC13","PC14","PC15","PC16","PC17","PC18","PC19","PC20","grp","assigned_grp","support","Population","lat","lon"
1053,-15.5773070991272,7.19575650895834,0.31555059584244,-8.143442601787111,6.926277705224661,-10.495539366510402,-1.9655164840103898,2.0682673234559097,3.69607474142493,1.02376778576858,1.1840136387528402,-0.6244915732284361,1.05741673469127,-0.353095038145155,-0.34221428353652,-1.2038079264991202,0.42051181886853395,-0.8766068768263701,2.34216844896228,1.51276699148224,"87","87",1,"Pima",29,-108
1060,-15.5109860277962,4.64171099975019,0.8008572749868721,-5.854070533413661,7.095156487453611,-10.3251548566344,-1.1284014122159498,0.994956675286438,1.01219395396807,1.1476429902515901,0.216436463137463,-1.0527635793025,-0.33584663784754,0.124701571286301,-2.50316986340131,-0.96579912709891,-0.183408028726948,-0.8396609135233779,0.863898385275693,0.41958095150611696,"87","87",1,"Pima",29,-108
1038,-15.438550469932599,7.49365851587682,0.814074488305256,-8.87400635510159,5.61459431544468,-15.059643633195801,-2.7764284884188197,3.29264285601626,4.4205055850623,3.0835538370769604,3.52264179488283,-2.49684407613285,1.76525018786396,0.539636654944052,0.5182744992021161,1.03594893866107,1.69999720447515,3.4870548556469,-6.38308238302948,-3.56331530170784,"87","87",1,"Pima",29,-108
1061,-14.9052335183304,4.65959489280609,-0.38836462492989793,-6.0054556636212695,6.707798943780559,-9.9205225002736,-0.34320506935619205,-0.19809365974126303,1.45879622817565,2.17051091874163,0.10379240042523499,-1.0421400431806802,0.7482469392268559,-0.69285363981188,-0.559457244523073,-1.1990955535788002,-0.8755167482214351,-1.3225701697270902,0.0370482193570265,0.5042792117384179,"87","87",1,"Pima",29,-108
1059,-15.887392219506399,7.25317365256704,-0.15272555017976402,-6.17588479282491,3.8652620223514598,-7.78254436069579,0.377941976593747,0.560763921961861,1.7058749970548401,1.3990494381819298,0.6799089695434161,0.508999742748014,-1.1158704745919,0.894618313472723,-0.108229460508301,-0.22413589422189,0.260218173301364,0.122808571009476,1.94208937852669,-0.28193126810118896,"87","87",0.999999999999924,"Pima",29,-108
1054,-16.4345926745879,7.397830762959731,0.94400151887312,-7.28423079639464,6.33762307445798,-9.817660476366619,-1.05014241528674,0.8000854242465909,0.762593662932241,1.24577055219123,1.13323471239291,-0.8014363674047958,0.980079022534239,-0.403896898619904,0.251904920299202,0.246659183107251,-1.24305511772601,0.0143702450441926,1.12090948964382,1.24963910189679,"87","87",1,"Pima",29,-108
1047,-16.2344751639471,7.69064930777381,1.3773170626812898,-6.48313288847754,4.632406471564111,-8.39852476540809,-1.44268275590067,1.4027153967095198,0.983624275658022,-0.0821436366813127,0.340392946104834,-0.7824180109231321,1.8447730550994,-0.679138988738789,1.38444865383846,0.920082002208077,-0.24849218783829802,-2.42156899347125,2.7454096976257096,0.994669840732961,"87","87",1,"Pima",29,-108
1037,-15.2372489622714,8.2841091062857,0.43747914150905,-5.948689061028991,5.88456331884488,-10.552363835600598,-1.2434113768008002,1.2654661601060402,2.1527076785977597,1.6996420528631002,1.5271221579213898,-2.02892248963902,0.0399281592648295,-1.5976153028628102,1.0751923446865501,0.20328822910799696,-1.3804319927696898,-0.6060887351707261,-4.67479981284191,-0.5462447423203449,"87","87",1,"Pima",29,-108
1055,-14.510926345175399,6.6557055679679005,0.455620712392141,-8.19219198681847,6.6319302968052005,-8.53129387250207,-0.618879411383058,0.8136420815643249,1.05445098814106,2.1455957468411397,-0.00159539016671965,-0.6841601106291729,0.0465192573229641,-0.235517361841257,-0.171321668234969,0.47187569258680107,-0.666880995042711,-0.34628135061457105,0.6870894193970899,1.25236164819071,"87","87",1,"Pima",29,-108
1045,-16.2840031917994,8.166295518019071,-0.524806914519628,-8.74986745059682,7.27988762914605,-15.1599550460779,-3.6186399750742,2.54469143863379,5.72129246694413,1.72105284523197,1.56834524559035,-1.91326305487008,2.90924728425893,0.28889124198436,2.12211159016059,0.13770973730391198,1.4129297083395702,-0.0194310774394575,4.98193057816993,3.20528905573197,"87","87",1,"Pima",29,-108
1044,-15.8410942491189,8.64237163841231,-0.539337915184495,-9.110461617490381,7.43841631563217,-14.2199203434726,-3.36766690891262,1.98576991888934,5.00090228236667,1.87346287625054,1.5822938329284,-1.7526693572317902,2.81167010750404,0.17507626496922502,1.05138978551201,0.79121192010102,1.22865530458683,0.6652107998509901,3.0785065646350303,2.2263498088422997,"87","87",1,"Pima",29,-108
1043,-16.3383985841225,8.00335352294604,0.24805031056251,-9.14736285364651,5.971153228253959,-14.6365318194506,-2.95991355732418,1.3875527584827,4.84648413222299,2.36359024736162,1.5625993370576499,-1.34215775092546,1.22772916514592,-0.24837624551717497,1.44970864648103,-0.5625470895136079,1.05881583986949,-0.15507247457279502,3.927944769157,3.0975777654183196,"87","87",1,"Pima",29,-108
1042,-16.0898151752394,7.84444066508011,0.437222336118318,-7.728481013465519,4.53158691544324,-11.8714539974324,-2.70774944483952,1.3476433023822298,4.29535783342486,1.81548498788831,1.9799749841269099,-0.8551401028061709,1.06732185804772,0.155760478431674,-1.78563573449195,-1.02446525334664,1.1704382005836498,-1.15041326724342,2.70531341819445,1.16899495181137,"87","87",1,"Pima",29,-108
1056,-16.764367882268697,9.536000708623769,0.35685255234516705,-8.70385446832526,6.46018941657563,-10.3173156679732,-1.4285115117874199,2.7143888167038597,2.4294921079007,0.9739800293973639,1.42180664216455,-1.06403465721102,0.9675858176928149,0.15919678642876198,0.41000371467846797,0.39457029341774397,-0.23733159957098898,-0.0911542761715149,-0.4337613462865129,-0.0998301027472715,"87","87",1,"Pima",29,-108
1041,-15.7535347550404,7.0816969910891405,-0.34009664035070797,-5.812718735908151,3.23345223665142,-9.93282209295058,-2.1979304953735803,2.24717147419448,2.68700389058927,0.0433981713679458,1.38631891524983,0.0530632833168309,0.946971983073803,0.670107607094509,-2.3915547356281497,-0.771406653363489,0.10169502662785601,-0.9615470661073839,3.52674013455538,1.0609757494881,"87","87",1,"Pima",29,-108
1046,-16.4691537336139,8.431975098656581,-1.11492236500437,-8.976627988257311,6.36106518301924,-14.9782040976521,-3.6568966210981397,1.70553263129458,6.04879589213742,2.2794331533347,3.01220001474217,-0.779083959467784,2.5333898180276297,0.396219922770789,1.2494338372745302,-0.21593151970381397,1.18553632871587,0.21281533514637602,4.55663884383161,3.23095603284756,"87","87",1,"Pima",29,-108
1048,-15.595860807779902,7.8678777097592105,0.15349476792534697,-8.446109572974411,6.4203278395951,-14.8347044810128,-2.3807769111693395,2.1301979246043,5.29652433933125,2.6372076392593904,3.11796847945019,-2.01349460879822,1.9971300461119899,2.02219098791262,0.9819976292207809,0.350936835660594,2.41009479965576,4.2232506867129,-4.51848618753921,-3.45225598677902,"87","87",1,"Pima",29,-108
1052,-14.541436311547802,6.1898886273433105,0.5210631950863389,-7.34054257271634,4.693878458990491,-13.3468519971835,-2.49000812833683,2.7557283239444397,4.52184382598945,1.97973847936955,3.0872767402236003,-1.6868093308416998,2.10573463169575,0.884760962198761,0.393876410247026,0.8324192248863951,2.24836562103663,4.10340883086648,-4.48979480965688,-2.65586815576015,"87","87",1,"Pima",29,-108
1050,-15.9337029765066,7.21351007975,0.182707930908319,-8.40392599470999,6.6972940172588595,-14.4110538017456,-2.65120713860342,3.21131363004448,4.6975585174914904,2.7905300418579198,2.7849246164908497,-2.35450418971249,2.55698730168359,1.39271670071227,0.935082499783604,0.872541937343682,2.46024049534335,4.8204612181119595,-4.47456004685774,-3.0383170212586403,"87","87",1,"Pima",29,-108
1051,-14.5853474090501,8.550246541754051,1.6265144747926998,-5.531434739129731,6.92862227445371,-8.27505590255768,-0.94930576695951,0.5913857668383959,1.7339824193876399,0.0480198062718162,-0.15733228218906398,-0.31178211018454904,0.141656357170036,-1.08777355238452,-0.6931186312592061,0.7948625397915821,0.37664663299935996,-0.248733224007608,0.20492980251965198,0.37928308834241703,"87","87",1,"Pima",29,-108
1049,-15.925184887285399,8.46268915565452,1.38395181836351,-7.45538182204479,4.66393648003937,-12.650809376829901,-2.19963184606394,1.7960781457897,3.2301885954313905,1.11681293112415,2.09235389044482,-1.67603039982674,1.04019966480373,1.00644828996001,1.5470862586937402,1.16654362743281,1.2452263855085601,1.686828886462,-1.5265066281216397,-1.21572921549717,"87","87",1,"Pima",29,-108
854,-13.667374085623901,8.818038087048741,0.591185548098595,-3.35249715473764,2.69573322585733,-1.1018914180309098,-2.05653135621354,-1.83614368056934,-2.54391086900095,1.09775660501066,-2.79735657614543,0.5859672101055501,-0.717125930072072,2.15448221063577,-1.6885887076114,-0.562632228217228,-2.0676575133633404,-3.0833619747855403,0.5923248659021341,0.9613642853577629,"86","86",1,"Maya",19,-91
877,-11.448380224819699,8.67468518984659,0.19867959634677101,-3.9112151783322,1.9464273857797398,-2.15333044438207,-1.07666306569694,-1.03702279934678,-1.07652741728992,-0.9086669335340491,-2.4269690013182004,1.06211081757169,-1.0985583581668,0.49412829995160296,-0.215582061710518,-1.0926175835026,-1.21449062767768,-1.50296018575742,0.000680110735767292,0.79179063858824,"86","86",1,"Maya",19,-91
855,-15.8194558470913,7.8558990928605406,0.742924319555818,-2.5866167073105,3.48618118814721,-1.6108199840883797,-0.648851378443763,-0.846996403267718,-2.14285330207478,0.7519088345423101,-1.33395701279612,2.6745734090381803,-1.46691134420614,0.945918396490028,-1.37764684814437,-0.8220529797649591,-2.3354809052134304,-0.727670324820961,1.41980155185969,-0.130913322440324,"86","86",1,"Maya",19,-91
878,-11.033491718038599,8.16859464885499,0.293982985202283,-2.22015843160497,-0.20434881426129103,-0.17964089476446699,-0.924757294240994,-0.111201207909768,-1.53221321266271,0.0873878779889555,-2.96631604385717,1.04529764987211,-1.3827564056138102,-1.72634606249877,-1.6672928901365,-1.07938416120937,-2.7607425111956094,-2.13754236635973,-0.14925462097886302,-0.958065091583022,"86","86",1,"Maya",19,-91
863,-15.027187110519,8.37931792006304,-0.119466834617246,-1.70538807787579,3.73541331415194,-0.8054250069730441,0.136036355224747,0.636643437291616,-2.39127406006446,0.49638741219995797,-2.40770054844944,1.15442832177598,-0.950056892535078,-0.577743982039319,0.0207787804147742,0.572173236251828,-2.60805831503507,-2.5556544391946603,-0.0792798742689814,-0.7264260618310321,"86","86",1,"Maya",19,-91
856,-15.1486575585274,8.320270395433269,-1.02648849733704,-3.0658009516271,1.99806379247894,-1.5209908637842602,-1.61985517235646,-0.936019005569641,-3.7722040058903903,0.45125461421892704,-1.8494026926618898,2.7532163998314,-1.2825322922195401,0.66067812764791,0.48589745096354997,-1.65411850564089,-2.60139163703181,-1.9486138570319798,0.991843903743544,-0.8908316425714959,"86","86",1,"Maya",19,-91
865,-13.758533687730901,9.69381042363035,0.317886779483992,-1.59783715952396,4.01643243496028,-2.2509761152732204,-0.9409485678864851,-2.0086001747842,-1.4843545803350202,0.5712645068227571,-1.0725599117726,1.18789055055052,-0.992113892750774,1.04365957111726,-1.19609942627499,-0.6871580828852389,-2.5143057185667597,-3.53896564269223,0.6561658628630219,0.750404339854211,"86","86",1,"Maya",19,-91
866,-14.2265741167784,8.67144225559873,-0.165217973042589,-3.3113184553293995,2.9891480027290696,-4.730297287033309,-0.8795653933096321,0.17992673783072,-3.16709724976462,-1.3973855051849398,-2.63117968844184,0.33797894006825996,-2.0878705802187403,1.68417742400121,0.481957314858739,-0.44407823368309296,-4.65714381250888,-2.2148908140918904,2.47364572210205,-1.09228485311915,"86","86",1,"Maya",19,-91
864,-15.202690597663699,8.64139705581589,-0.402863117683052,-3.4000382317562803,2.3696412049707996,0.312097768143919,-0.6819593532222441,0.442124360285998,-1.0288547662498,0.145138220623638,-2.87293476633442,2.1195989703606,-1.91919273183292,0.95394300161871,-1.74026301134121,-1.52765160774577,-1.94980300334939,-2.5335707296809504,0.5679370604208521,-1.65014759065223,"86","86",1,"Maya",19,-91
862,-14.3791510146791,8.97934022151658,0.163114273315768,-1.64687471107617,2.90963753175094,-1.1726999993535,-2.7801296350163196,0.248617628963767,-2.49922571987611,-1.5894690397718898,-3.6153566109341,0.788461192801272,-0.730626159713021,1.66207081763372,-0.3972440682513089,-1.90587662516505,-4.01153938520728,-1.5380520793265302,0.496140708898957,-0.220159099773353,"86","86",1,"Maya",19,-91
861,-11.6219903980387,6.752856587930861,-1.1669326772833302,-1.08285830462669,2.72521540204373,-0.603568693872678,-0.554826963246204,-0.66888472415925,-2.4072920895922003,-1.10337790454257,-1.32126069512448,0.944879284201792,-0.532157398967141,-0.31321169964572104,-1.13230338934468,-0.8324934884524742,-1.3888552017573899,-0.979746267975658,0.6548703502056079,-0.075990197827218,"86","86",1,"Maya",19,-91
859,-15.6259977489408,8.691017687653,0.577087052718167,-3.17554294617982,1.8698271092157,-1.7847917040783998,0.0236518055840306,0.294010948535338,-2.75499770078536,0.36580451166834294,-1.5650407349381203,1.76220793797948,-1.0062971732991,0.0480470588896833,-1.2774981134494099,-1.05814319747557,-2.3537277742205895,-2.70527176530824,-0.42899338671478493,1.0257347741304998,"86","86",1,"Maya",19,-91
858,-13.5633654907972,10.722008400227901,0.0418528477378198,-2.6322308715305,3.23411038355004,-4.05133905435807,-0.9019418588950581,-0.0990903247662932,-3.6246904774807103,-0.580979567828291,-2.55091055778843,0.7336249970007719,-2.41806027687422,1.12106187882121,0.166933032174194,-0.896952783809041,-4.35448042068501,-2.61948156569662,2.4191667930174,-0.47772192021891996,"86","86",1,"Maya",19,-91
857,-14.4187374566576,8.02402253389979,-1.00576770924904,-4.472737701321231,2.04620993080559,-1.1746274308845501,-0.227648143714001,-1.6911767660042198,-3.1767105368225597,1.73239701409244,-2.47115207675516,2.8076118065038402,-1.75206459572478,-0.20078927217642803,-0.9683758068262209,0.8363798978675481,-1.47371912600686,-3.2761808651028996,0.5516529695375021,0.37105763302704603,"86","86",1,"Maya",19,-91
876,-9.985022547139051,8.772040438183401,0.970848028395912,-4.47455678440018,0.10606952367363,-0.5844548153767879,-0.350922899855072,-0.20144493879524103,-2.12052674734101,-0.696555806528695,-3.0773027676252003,1.31127646421496,-1.57913104697253,-2.18625437723045,-2.07081335513478,-1.3709666160689098,-2.90102245729621,-2.4382416118680696,0.25500992346811396,-1.16918696349472,"86","86",1,"Maya",19,-91
1057,-16.401656215475303,7.492046408264169,-1.08618934904248,-5.6772315885622895,5.43823000064189,-9.07730412368036,-1.7199332337997602,0.8583047658254541,1.4427206561413202,0.462244839381282,0.8224289927413821,0.19538103666585602,-0.368138404483716,0.42405818924440397,-2.0887561525724,0.7614745782253609,-0.806649737895749,-0.15922623296137198,1.48134651351118,0.513970833138921,"87","87",1,"Pima",29,-108
860,-6.903451786660099,8.67311340647731,-0.212033567874197,-1.4522960592216798,2.5346924599523,-0.659716856273064,-3.10221524661906,-0.811782831847879,-2.8191422942359603,-0.19368770739619,-0.728043010548701,0.5756360322176629,-0.286795963883596,0.6275828909632329,0.0945423615472075,-1.11321177978772,-1.08795458162372,-0.9799359250477969,0.0656134528627325,0.7410229333026221,"86","86",1,"Maya",19,-91
875,-11.9529122163029,7.66182028579268,-0.0290233515075065,-1.13064574728432,2.92413716492809,-0.151052927105361,0.19316521661927896,-1.40499938013497,-2.2847940900204904,-1.03661961124298,-2.0278141035786796,2.04082983467949,-1.62955298788702,0.660132755117473,-0.208302307309828,0.6855811581017329,-1.33505932147277,-2.1261752334183703,0.37303631491129496,-0.332257488169032,"86","86",1,"Maya",19,-91
1039,-16.4888732644085,7.67052478467453,0.49876335381426296,-6.6323734912867405,5.96401560180038,-13.3450173098027,-1.64096365706901,2.6525152746237595,3.4081514920691203,2.82736038921516,3.26383931686471,-2.97512775291979,0.264080487125439,-0.297685471717971,1.4738147299364799,0.0417470909142972,0.532007546822152,1.12443109413684,-6.657560421520589,-2.3163367522143,"87","87",1,"Pima",29,-108
1058,-14.0220997826122,7.56653248290678,-0.474529646906235,-7.56280873197074,6.44196244744305,-9.560635550799349,-2.19569312458572,1.04784410802681,4.35185468498126,-0.273354690417809,1.42832313380546,-0.8985671726967429,0.8017176906201451,0.392817934921823,-0.0217259504112874,-0.25486408925826004,0.574239658275308,-0.414675120677882,0.8508351552223441,-0.3774418627343279,"87","87",1,"Pima",29,-108
1040,-15.214004604495402,8.011378024459761,0.625598633860723,-7.56414712384556,6.1710175096414694,-13.5293897839236,-1.91918498702324,3.05597666825496,3.82775705042315,2.24353019050151,2.8138686562284603,-2.47893865410051,2.18370197739136,-0.9321844029139058,0.701092664244548,0.80011070162361,0.34668919784240804,1.91493487896775,-5.986890958722169,-2.40218075127487,"87","87",1,"Pima",29,-108
873,-15.0962190812046,9.088153155943848,0.518858602718733,-3.56023532104019,2.41325084065101,-1.83549826070903,-2.1866280583585,-1.7652398870982502,-0.563731934256091,0.6929807790994922,-2.8706046286859195,1.3302244253851598,-1.3547936717271,-0.891969692483416,-2.0347320341992803,-1.06771447219691,-2.50918681077001,-2.76443626808262,0.295724215819111,-0.49809575426610797,"86","86",1,"Maya",19,-91
872,-11.2039812032881,7.465468231599691,-0.7485669612613169,-4.2957389150504905,3.1952592836021503,-3.2476365071548905,-1.00663343762297,-1.0384415295312,-2.18060438157422,-0.515020851550258,-1.65989130713441,0.324113774442036,-1.6953811124538898,-0.818443705820221,-1.32446042001877,-0.492430518137281,-2.99737840122835,-1.8981300401869698,0.622417565291611,-0.7729253898800379,"86","86",1,"Maya",19,-91
871,-11.2452757430367,4.61461694920488,1.38417756129292,-3.80010452715729,3.52151940356516,-2.0613266685149,-1.64671883749868,-1.3481893366565503,-1.0164859742599,-1.11851397578783,-2.35992225730285,-0.500007123140587,-0.51381025562754,-0.18729627900232002,-0.5676785332752571,0.279686168041548,-3.08215697722656,-1.89505887708038,2.08508847943776,0.0637858751639572,"86","86",1,"Maya",19,-91
868,-12.167506497034099,7.9533276738278404,0.5644366149994621,-2.66282738667497,3.35637329650451,-3.16952582377106,-1.01742585506496,-0.23664127897967302,-3.0143361747475295,-0.45191710568561405,-1.6093070249451298,0.608763008738172,-0.432001886493431,0.44985802846443296,-0.0691497048457609,-2.4884367344485603,-2.39250317659706,-0.956565243956641,0.625561779839964,0.12253688155735601,"86","86",1,"Maya",19,-91
870,-13.690929700302998,6.9425234444381,0.197689853913437,-2.79739552300657,1.53295160992385,-0.760385225374927,1.33858306745574,-0.8130719161985841,-1.5544096158846203,-0.817102683040701,-0.8858245446798041,1.00711121154302,-0.434826322264029,0.644286271053515,-0.13363967403205199,-0.74334481114839,-1.46114585808177,-2.90275287918324,-0.324422953487592,0.604320554189587,"86","86",1,"Maya",19,-91
874,-14.3837379921927,10.497988637584198,0.32087502782431604,-2.08343069034711,4.9329488122752405,-1.3719410971702701,1.20601618623494,-1.12643100391231,-0.905937371598943,0.7236543847849258,-3.12766627019494,1.73463941555633,-2.44659568667227,1.14337526750277,-1.6761475773088301,0.695370905787492,-2.35167223606627,-2.29274235005443,0.579797530557195,-0.0558974944085263,"86","86",1,"Maya",19,-91
867,-12.498802291785,9.68465403354376,-0.6518545064643679,-2.75823916115105,2.7173620927316,-2.86428903848081,-1.82304029391312,0.0814689354728114,-2.9745771209376,-1.9280075414484998,-3.36499027210154,0.6756814296772379,-0.260542588891766,1.66240657393531,-0.176374474969474,-1.28916586053845,-4.08451179788374,-1.2933198509241202,0.0512899919886023,-0.6893193071255159,"86","86",1,"Maya",19,-91
869,-12.5473729072096,8.57884856104361,-0.34938475365304306,-3.37170697859609,2.80884896018264,-1.49228877620168,-2.11534638044504,0.490192001594185,-0.41153488996899606,-0.928921093080343,-2.21893296677446,1.6278367258162,-1.68309771433308,-1.6912706180044699,0.0611200594883599,-1.016184164875,-2.47406269934824,-1.7327907675178102,0.421885012398273,0.25834987095447803,"86","86",1,"Maya",19,-91
1012,-19.375031322149898,14.7180634921943,-0.438354946671498,-6.499800880107371,6.6315512750765,13.751985433038199,0.46841588168461895,-0.884439406321367,2.09988182840146,1.16335887497599,2.88578655051059,-1.4630957739474402,0.9743766949454151,0.687296029652428,-0.6901486703441421,0.427884599170141,0.227168508553061,-0.295253374621283,-0.248216111197812,-3.25242898219858,"82","82",1,"Karitiana",-10,-63
999,-18.976279700475498,13.6151343246335,-0.223331127581877,-7.75037472127953,7.227026807144299,15.2052224599335,0.8345346742880699,-0.47714206159136296,3.20318105592975,0.106972767583173,1.0120722211898199,-2.2630088028132405,1.8272868286536001,-0.251903855560439,-0.12381538334533501,-1.37036446219177,-0.24463388409590603,0.422462143647411,0.19595169565753698,-1.1608639555081899,"82","82",1,"Karitiana",-10,-63
997,-18.7957148310355,11.739473934682,-1.0658016366766099,-8.6530693026262,7.340401999814921,14.8194801491588,1.94149460772104,-0.174022883159012,2.4186423496948,0.0518331717119082,0.415969235653427,-2.82661689474648,2.55781817367971,-0.27891959975707503,0.9766748965795021,0.36265895736879294,-0.466126825449515,2.11657960258609,-0.9527016394430451,3.80867876094965,"82","82",1,"Karitiana",-10,-63
1015,-18.6138596735189,11.9824896798145,-0.27746880447770694,-7.895517671271691,7.015053889212,11.9134480836151,0.40621060053023705,1.19931820467265,1.16126541086952,0.601396885245325,1.8450091707506,-0.436030256395204,0.48259666076688795,-0.0936410583796151,0.677883961133883,0.6324806924754549,-1.49090792092961,-0.602679221143956,0.625811388274326,-0.0483358514312679,"82","82",1,"Karitiana",-10,-63
1014,-17.6459780228967,13.850231295373499,-0.37882833443120795,-5.967393000282849,7.9043986502002,10.922035734563,1.27291286939348,-0.282901655685312,1.99441777273505,0.283966377748945,0.121895278651151,-0.349984100067425,0.0373465211116614,-1.30672596818059,-0.10717343918082001,-1.1397431191878702,-0.583258996395013,-1.97674996928622,-0.38573370984539396,-2.4932910796019905,"82","82",1,"Karitiana",-10,-63
996,-18.8735319104233,12.501879332572699,-0.0584931390939572,-6.03400517156684,8.24168018245932,12.135809733479302,0.809687933477198,0.212346801035572,0.0524453750913355,0.23799104246602498,1.4045127701538602,-1.52017787058366,1.0905023872364001,0.0948376351266662,-0.801830138915079,0.452664620084545,1.29914770988592,0.692546856563479,-0.18191092396344397,-0.640315087115729,"82","82",1,"Karitiana",-10,-63
1018,-18.6996902881176,13.4040130035651,-0.548646167233315,-7.466992880736379,7.558536332654481,13.6111316759041,1.34392667364605,0.214013536140311,3.36265896087227,0.357501055572326,2.76664470034175,-2.31001078061409,0.189126401967553,-0.0362766262306526,0.572796707477634,-0.21840557039323602,0.92663448547245,0.46264243473772204,0.7790801635691221,-1.9856560979234998,"82","82",1,"Karitiana",-10,-63
1013,-20.1112100671097,11.578377679785198,0.0559478130401312,-4.85966702734453,6.8989102888912495,12.102191617802,0.8697135442719541,1.18763634736923,0.7013543438438969,0.29954754992659804,1.25880377571212,-1.68611320282211,1.8240545997670798,-0.10051834401144,-0.255440631736981,0.652230813198047,-0.46481767695939796,0.5179681762066439,-0.37977346322604,0.80549985351807,"82","82",1,"Karitiana",-10,-63
702,-16.1587880789923,10.7391622503935,-0.647488874364151,-3.9916105346129305,3.0460768679739796,-0.512886265630374,-1.2879617888285801,-2.4482569353559103,-5.1744029939932,-2.48009300785049,-1.70499902507819,4.56398064017068,-1.41993676536369,0.0858516337280062,1.3463051554015601,0.258061768349241,0.31623234260306604,-2.17197991299344,-0.424299704241146,0.000431565776820575,"81","81",0.999845180552908,"Colombian",3,-68
707,-16.8393729555302,11.370527926868201,-0.9588906518822651,-3.2207876818389796,4.35871099318274,-1.13818239137717,-0.12724250789877803,-3.62204018152457,-9.2672703218011,-3.6851120575795497,-7.283033595674451,7.70011510005321,-4.4627744501324,-2.3833294852494102,2.2638135583487404,2.66594931894627,5.172471647695981,1.44957507162965,-0.980688187404429,0.382930980818026,"81","81",1,"Colombian",3,-68
792,-15.9004780224175,8.57656469671657,-0.765296297926825,-3.9258241836178795,2.01115608363092,-1.83101221275278,-0.6938960445207961,-2.0759743075523,-4.39871005928731,-1.06887749299595,-2.0113395388435,4.26484869842037,-2.4902162407380604,-0.7777937977193441,0.413260952855219,-0.17040762027241,-0.302456236760174,-1.47028445251464,-0.0719156787286715,0.6710278278715689,"81","86",0.997369420858545,"Colombian",3,-68
793,-13.213963194999002,9.019517257721859,0.10527846160499399,-3.43886745627527,3.5837182770751297,-0.894992345152059,-0.5922887851958061,-0.9555074233716859,-6.81767303802014,-2.5525078575687004,-4.19148560969088,5.47510142463498,0.9593855501666491,-0.061445862070302004,0.785077381613106,-0.7488574416247259,0.0341801240325935,0.753193262211928,-0.532318037811648,-1.53197121120525,"81","81",0.99999988050844,"Colombian",3,-68
706,-16.169030849080603,10.496906925627,-0.639188661115224,-2.76473442866296,4.99261293238524,-1.34370630529022,0.0191095707306095,-2.76280788630131,-7.82614382379447,-2.1156365242755704,-5.77812710877852,7.14443209522009,-3.12403865310376,-1.16536956194074,-0.23592023585678898,1.14739947291703,4.20842394089124,2.26947856056749,0.7091533773367299,0.9810138524216742,"81","81",1,"Colombian",3,-68
710,-17.1320078946679,10.489442117227801,0.24678498465280999,-2.65819139845679,3.6043108760065,-1.34874438981747,0.734833088921021,-3.65490094144737,-8.38719221284093,-2.81866565802498,-6.55309026715541,5.70966193759609,-5.78736982810042,-0.713406985289605,1.7377312517089798,0.36715100583118393,4.20426231921838,4.38331567692941,-1.59666076177684,0.9374713083209771,"81","81",1,"Colombian",3,-68
708,-16.6854753015113,10.4039141597155,-0.0123486151134479,-2.37773272369179,3.88032466381619,-1.3868697721952798,-0.157931442320044,-2.6464444648894,-7.8875403909921395,-4.23712535171494,-7.9473945577943805,8.1910029732541,-5.0509004077959005,-2.3999472230311403,2.5112738224572997,2.11025593712476,5.601809671072429,1.62464192166231,-0.369262319597929,0.29344186841792497,"81","81",1,"Colombian",3,-68
709,-17.1930863164659,10.570676924289101,-0.740024454682886,-2.17486905943546,4.3179541299349,-0.9174788324243399,0.419404611284872,-3.41923862701262,-9.13567661211398,-2.82337252686299,-6.87508361972101,6.18335486442095,-6.153300126855309,-1.87167628665853,1.69532256907303,1.5940142715685401,5.02262259057392,4.218764022782681,-1.81486547760173,1.31959305706832,"81","81",1,"Colombian",3,-68
703,-13.327637474530098,8.46410954275883,-0.8674938779361991,-3.98772894850611,3.11523342341839,-0.9903444862740358,-0.14291357141923,-1.31091707307449,-5.73649923927276,-2.27494709213456,-4.880165935522441,5.66117135901273,0.051265528376418,-0.0574884388871199,0.574403931169869,0.23443841545271402,0.0951097317309292,0.6448368537322551,-0.550303888187474,-1.08782916881847,"81","81",0.999999885246578,"Colombian",3,-68
704,-15.9881768288792,9.253538041169131,-0.35692202061512107,-3.24269838777879,3.54183649238917,-1.3875846873325903,-0.407228860631409,-1.9469923076031102,-6.62671634963915,-4.24997897420174,-4.35781024590463,5.39258279721051,-3.30303835828264,-1.69039581738112,1.10278088638248,0.16003334136287803,1.78068940956671,0.180241933409773,0.205891724507972,-0.9143463111032991,"81","81",1,"Colombian",3,-68
970,-16.5842447348905,11.103400192379501,0.42318087683689104,-2.5276610051008097,3.5045649626310498,-1.74527374913881,0.17580578766975,-1.13406221488167,-6.07488996453887,-2.39657319657941,-3.3669125207860398,3.3146880974369597,-0.9328378837473771,-0.587125576095308,-0.337294132703785,-0.8496760567903321,-0.9742545309341909,0.0260275640646519,0.519050673217476,-1.1820940830456002,"81","81",0.998028179613799,"Colombian",3,-68
705,-17.2114154027793,10.4458061794444,-1.07441542806575,-3.3220209435703,5.6283863746249905,-1.33448523676569,-0.19998002773718201,-3.6271049443377996,-8.51170046561882,-2.9181134481191804,-7.327174773614451,9.31478490840013,-3.7498308450802402,-0.9628719086838851,1.71330437415348,2.32437355408829,6.038851940053919,3.44662080208131,0.0443714569700194,1.64081984093813,"81","81",1,"Colombian",3,-68
827,-17.3949719938085,10.3045155131381,-0.8084297083970341,-3.9818482847589,4.31044205058569,-2.6695546261452403,-0.690800480827349,-3.6912306688315,-7.286219587647119,-3.72364320761439,-4.87932904398657,5.14048935482787,-3.75047210540743,-2.27264810037048,1.57469936239562,0.150617722798687,2.9757428638113703,0.9772537481374821,-0.255840531526346,-0.0447821956521975,"81","81",1,"Colombian",3,-68
834,-24.551652229181,18.4044560301065,-0.849701837812721,13.9829372620346,-13.169875696775698,-1.72308532846228,-0.642465486459914,0.5733887316714229,0.405112676937925,0.145267427131077,1.45829965219564,-1.74020098311571,-0.34858078221329597,0.33891884927313104,-0.207711908659125,0.5526965624032261,0.14774184933970902,-0.029113840677764,-0.33915484569525706,0.774524085875915,"83","83",1,"Surui",-11,-62
837,-25.8765573282805,19.6147123527643,-0.635572908068192,15.3178507085575,-13.0960894378163,-1.1944269323994399,0.8151725358324341,0.831978185047942,1.10488929667185,-0.961024219335842,-0.363517951328085,-0.237084869849707,0.428097941626995,0.677324772026311,0.42941157315388895,0.789108901382825,2.2241626804357497,0.9548578435373141,0.49155046204579494,-1.10831769773994,"83","83",1,"Surui",-11,-62
835,-24.7408337736986,18.439084172145698,-0.689163699353417,14.022130678225802,-14.0305978175254,-2.19408065555918,-0.8070240019338991,-0.24048495877191298,0.251766266143292,0.74040013404939,1.06859207650732,-0.6561324509394699,0.7544030890375508,-0.389385176569101,-0.5403848374973961,0.5141524785465661,0.487036518407868,-0.9886422767465479,-0.6377472989724621,0.0132814156117947,"83","83",1,"Surui",-11,-62
832,-25.959026926619302,18.0371822311975,-1.4490082383644798,12.5002007632865,-12.591896734714698,-0.0162844170688795,1.14654039431941,-0.25631257890542003,1.10812617606768,-0.6730757284305279,0.977401766349958,-0.7698138218698422,-0.922355250259093,-0.24508459935448698,0.448944487972274,-1.06231312605284,-0.22170417463953498,0.00458464512988388,-1.38998331439219,0.35511424114101703,"83","83",1,"Surui",-11,-62
833,-24.846396554144697,17.9951472809155,-1.08450929789679,15.1040363142403,-14.3088914958924,-0.135046318764557,0.158256288810053,-0.0117635915245107,1.406013939174,-0.0728692141187947,1.5097329624543798,-0.7174370895795541,-0.19998657827246,0.615973058325015,0.26027383524243397,-0.0871639299055221,0.44262766334020703,-0.5211453141025639,0.588621722895886,0.810120495137005,"83","83",1,"Surui",-11,-62
1019,-18.5488830388803,12.599548374584902,-1.17256438074378,-7.10302093520254,8.900155324114369,14.956872762464002,0.850963050363702,-0.5614643751032049,2.7071934405182003,-0.49815251777353997,0.7516012506557779,-3.3899280242752496,1.12759943632363,-1.0355747010936802,0.88567075413502,0.8907599985147171,1.26466748922755,1.31175039255135,-0.6308741629259771,3.57154086814162,"82","82",1,"Karitiana",-10,-63
998,-19.235834000971,12.628343167795,0.16535208715965802,-7.63511824697415,6.86516918438993,14.177093039291401,1.94286514370826,0.640985829131751,2.67078248436511,0.8854543476680741,1.08224176963725,-1.7292257528836799,1.9807750228008798,-0.10302429228899099,-0.334594334531576,1.8293511965502,1.75635001854517,2.7316349291454904,-1.19003015899588,3.4662909534496302,"82","82",1,"Karitiana",-10,-63
1005,-18.4795404378754,12.636129312649901,-1.87314798646223,-7.512066321780179,8.819876774754938,13.471908697929402,-0.36808183571627,-0.209038393526736,2.96974283254072,0.0929924307855971,0.295690932698191,-1.82570751265526,2.7703413809862,-0.271685389616744,1.6181466484337401,0.27874839887305103,0.7519684120105949,2.11768540165877,-0.5541598989745681,3.8670662042517,"82","82",1,"Karitiana",-10,-63
1007,-19.5262445620647,13.1403841249182,0.481067687579901,-7.00231479410405,6.12857884820678,13.2350399639852,0.78015275119535,-0.290786989170295,2.64326414262001,-0.42902377642652006,2.36093282256557,-1.4042341040157198,0.5856730039600799,-0.6562547965334511,-0.24980966812751398,-2.0691939385655798,-0.00593057916679895,-0.7349243482770641,1.8237041089368502,-4.63434119326438,"82","82",1,"Karitiana",-10,-63
1017,-17.776228768176104,13.341908729759801,1.21873647572615,-4.40376918280334,7.79949324176358,10.967815146000099,-0.244313656856427,-0.0260483271110412,2.34524915784996,0.0504773921256739,0.28552932320688,-0.594178389967105,0.346087235750325,-0.9411993558760601,-0.34609741759205603,-1.5494955278189702,-0.58892291796881,-1.62994911087981,0.0517190986240541,-3.95090175388762,"82","82",1,"Karitiana",-10,-63
1004,-18.5570347901547,14.5080327762589,0.880670508222087,-7.19101578582348,6.3674081727628895,13.423822834105199,-0.128657641959326,0.237846799566077,3.34438776656132,-0.114734007439217,3.17696724160604,-1.62765398517804,1.0237598483669599,0.46750785803878797,-0.844495844567521,-1.34051280175628,0.784892062112318,-0.547395953032794,1.1451750693987601,-5.257754410645821,"82","82",1,"Karitiana",-10,-63
1003,-18.8275643498277,11.6305894572647,0.5050385501835,-6.69739738204793,6.29800412799182,10.9877338421271,1.14787746746307,0.566986406236321,1.1216685323704498,0.40282487269267103,1.85478842509507,-1.17366410125917,1.1016526997750902,-0.136058155510017,-0.517740366736397,-2.4676113588630497,-0.821122255566261,-1.32270883248467,0.6215253952499771,-1.3837573959542502,"82","82",1,"Karitiana",-10,-63
1001,-19.265367206917,11.7948855229502,1.49699679540169,-5.45343312162146,5.320317250262679,11.2480458330201,1.76559772022587,0.360839196416181,0.990897212958705,0.00880376985551972,0.34723040582489806,-0.0165980845797166,0.226186320647983,0.0299331394589751,-0.8591236201427281,-1.1608101331,-0.0883342472386791,-1.19213923816555,0.0471562327631858,-2.95308885696401,"82","82",1,"Karitiana",-10,-63
1000,-20.406983645892602,12.544618641257902,-0.983430483088263,-7.037890128434549,7.92646089483271,14.533568887464302,1.27198688560708,-0.109956250075638,2.82006835566808,0.3974449946532179,1.31584850902905,-2.24260251317469,2.2251154951441,-0.6166069019595071,0.28480265017681,1.5467110862859,-0.47764804351237,1.80566930685739,-1.45057701404675,3.8312713080293594,"82","82",1,"Karitiana",-10,-63
1008,-18.4434324983266,11.6196448881604,-0.211141633469318,-6.999159359530389,5.940019403960361,14.219374806150999,0.40124838237284205,0.132412673341262,1.43391887872543,1.21365970217386,1.57493427365332,-1.13488897567908,1.86070159682267,0.8694028656217758,-0.488657810403199,1.73982434705388,1.29775776151106,2.6505495910950096,-1.9828443539371101,3.6600425018077796,"82","82",1,"Karitiana",-10,-63
995,-18.447570412856802,13.3179793304912,0.27722109960068897,-6.5628738601149905,5.46316711903442,12.061731058468402,2.02853388033084,0.15906358066218101,0.79246577410298,-0.29120782182917304,1.6439694584022,-1.84397107732457,1.50069669812659,1.89125064251619,-0.133183141298496,1.61643646333506,0.7845958871940699,0.8549816999447372,-0.65847512350615,-0.0257959982034177,"82","82",1,"Karitiana",-10,-63
1006,-18.598798085272,13.132816603996801,-1.26561965905861,-5.94105285700827,6.5697459120824195,11.8298377192908,1.57011996078484,-0.0986400718657966,1.90117258224175,0.339384311058227,1.2638915423608201,-0.697284588353855,2.17528191997004,-0.899887084086422,0.296827768225727,-0.6070882074068571,-0.6857785227765989,0.852466762996109,0.42979740467574795,3.22692767342987,"82","82",1,"Karitiana",-10,-63
1011,-19.4162910622546,11.8327061726163,-0.300054591475577,-7.8725450041832605,8.233518576435321,14.4334172002846,1.0543008363275899,0.455684617351176,1.8017245947134097,2.10257031519182,2.21710018771567,-2.03562363549787,1.9708259485943898,1.33040529749015,-1.33017927658326,1.98720116000217,1.29666290614656,2.06346990891586,-1.47416876430557,3.04973190949017,"82","82",1,"Karitiana",-10,-63
1016,-17.818172820695104,13.344262014869,-0.0891928937400298,-7.355692341703779,6.575707166940201,12.6522845119104,-0.044234627007338,0.17696787173129302,2.79422460265194,0.35165558872987895,3.0305515268842798,-1.9651898740020501,0.58546273129648,-0.7183557387335129,-0.35181339309723103,-1.51050476350793,0.16692005014559,-0.525947472333276,1.72143774170668,-4.664765958804679,"82","82",1,"Karitiana",-10,-63
1009,-16.4911865504452,9.70391459835371,0.9333438729263741,-2.53297194832537,0.27169878861047303,-1.4545854084071699,-0.409847678192841,-0.914081236211984,-2.44488011253862,-1.22438794361647,-2.8145892035477797,1.06456040144166,-1.2009181077282198,0.735844647567553,-0.21569384770735603,0.0548375521533319,-1.1625323440906001,-0.7455454268689741,-0.6891187248474321,2.06597478784342,"82","86",1,"Karitiana",-10,-63
1010,-18.526517082075397,11.493283397414901,0.49693289292238707,-6.63093327057568,5.94136088524264,11.6363751862514,0.8976201037410579,0.5277060657838221,1.78319356173808,0.918899221102493,2.85781628788594,-2.33771043449753,2.13055846341825,0.44375514042521,0.7597891936222951,-0.20882090861082003,-0.815311690475602,0.0413965747419536,0.7994425086517909,1.76546361687947,"82","82",1,"Karitiana",-10,-63
841,-24.868371652708397,18.9465318948967,0.10728383755702801,15.4452228262515,-12.894861174733698,-0.865267999507386,0.412073439715074,0.49259572838896504,0.938484167844777,-0.45438294445762106,1.4900596318221102,-1.29539281950461,1.5484647565639498,0.9760634229005469,-0.899595122838135,0.825428450826356,2.5506684803147004,1.2304167321906598,1.4884381196393999,-0.5615102091200551,"83","83",1,"Surui",-11,-62
839,-26.476941068246997,19.888847413856897,-0.5968190636323721,15.187493309988302,-14.7221183470751,-0.9289978962662719,0.29411791977247,1.12005589739255,1.09924088056916,0.4358317348115511,0.124757068675396,-1.3279534721120099,1.0672034499883,0.43278738731351896,-0.465538534273401,1.0372568094376702,2.46997704347077,1.0417065729949,1.35921275725456,-1.22922298301605,"83","83",1,"Surui",-11,-62
838,-25.388156391617397,18.7376784741062,-1.59987917350322,15.2703338408111,-13.5305133287847,-1.15636403001525,-0.372376697912028,-0.140532072730447,0.376413126677042,1.1834063548865,1.8690863553619999,-1.58095719816097,1.68766074658521,0.98983401392008,-1.3856015926741698,1.5531365141247901,1.62200034992599,1.2182305108701599,2.0806715891358603,-0.73303093931459,"83","83",1,"Surui",-11,-62
840,-25.1645365640675,19.8444059837926,-1.12201368418107,14.843397741245502,-13.9032699217275,-0.485356114774976,0.10572387299790499,0.299736492163544,0.292608598493487,0.17460915088185697,0.3859603320096911,-1.4154882234728199,1.10625578237793,0.40387154762209004,-0.914694627375434,1.61351353614073,1.6245815796781102,1.42793524153999,1.5300816328266902,-1.15388832305317,"83","83",1,"Surui",-11,-62
851,-25.9326481774537,17.9574767951384,-1.16704712128391,15.222603328929301,-13.205825063331,-1.13353963169456,-0.609136676887096,0.259809527980781,0.0243983028499925,1.21556617348063,1.51828106783647,-0.7889496888123689,0.4454673864035121,0.5366608311110429,-0.952712711538735,0.43189116524221205,1.36724917228117,-0.166491411997419,1.48765599387383,0.36027156437895397,"83","83",1,"Surui",-11,-62
852,-25.475407617895304,18.252069333871397,-2.48178465880039,12.815739491164802,-11.9938895679888,-0.8989478972545629,0.818337951249582,1.3951855673614197,1.88413987541906,-0.9253116712975171,0.937085535624135,-0.24036900747483303,-0.947711606477704,0.508482131455191,0.8055146405312951,-0.275143909436875,-1.19562134955902,0.10038046481179401,-1.9593426419194901,0.20763666114815302,"83","83",1,"Surui",-11,-62
848,-24.2030877957087,18.144672358789602,-1.99130951120103,12.4719711429284,-12.6502679250703,-0.0751222394868033,2.12228581597561,0.211490786023721,1.69835994267447,-0.625941365567168,1.32304145210727,-0.296443121108567,-0.4508475124182911,-0.8645624717736651,1.55302991971192,-1.9151639989033502,-3.5274919750249,-1.1040248881993,-1.99703152030516,1.2236906657759399,"83","83",1,"Surui",-11,-62
844,-24.693416774123996,19.1909000191878,-0.818013640479628,13.368367161686,-12.6857612054445,-1.31761712151807,0.7772822700699659,0.6249228368149781,2.2904961274155,-0.7121616308175179,1.65146372971509,0.0865979868206277,-1.3486327311971997,0.13194649781281698,1.4569103534665502,-0.287296957294392,-1.35749798058236,-0.33094738487212,-2.08730132203194,0.810218242197015,"83","83",1,"Surui",-11,-62
843,-23.2538925032327,18.0689617604804,-1.52536596103508,12.992901380526,-12.1791607246151,-0.7602379999272231,1.9876761115363701,1.09075457875032,1.8865767623957899,-0.578538573507221,1.0287621183076898,-0.694633169756309,-0.302030429550276,-0.256307635214242,2.1978254560891597,-0.9442167297488141,-2.02731840046525,-0.512148787663747,-1.04533605717413,0.9876184163364731,"83","83",1,"Surui",-11,-62
845,-22.4017891109654,15.220274963283599,-0.112690268894623,6.88736327396015,-8.077516452844941,0.267891480111385,-1.60896006038056,0.7239376986107059,-1.99586020737517,1.0164876703325798,0.928348810452687,1.4274817795033101,0.608203212661028,0.387657863045498,-1.5058814809982801,-1.0647350792494599,0.159223293128757,-1.0198915848427301,0.7283838943724631,-0.12144038884302902,"83","83",1,"Surui",-11,-62
846,-23.9668311538869,16.2214474785988,-1.29510388354323,10.2585950339802,-10.6614029717346,0.160587383113575,1.22253657775784,0.57081354432314,1.1307511555362,0.471172797033841,0.7903968666435129,0.0297029829192074,-1.19080468882559,-0.8381757936883419,0.35295473906534003,-1.6382018610146898,-3.1378377355267,-0.938190142966955,-2.1374049454705397,1.22394625636926,"83","83",1,"Surui",-11,-62
847,-25.6063844595929,18.6385444590313,-1.1514208531264198,12.460474189303902,-13.0988740525599,-2.24202888406165,0.57236632149973,0.7610864817091321,1.7870208542171397,0.20088423501995198,1.19929019467029,1.29581110593704,-1.8085380009179899,0.561490943485245,0.0005264441510232639,-0.859551227637103,-1.3952994198006103,-0.656951143965539,-1.9293416916023503,1.4622109980805,"83","83",1,"Surui",-11,-62
849,-25.0175438627531,18.725008797419502,-1.55585139436355,13.6670802646055,-12.701712440359001,-1.14521462441007,0.9227532842255959,0.581410285445046,-0.329929959426117,-0.405856964161161,1.4602640580383601,-1.03917037265043,0.46055451670448705,0.48516778082643397,-0.5689174632815029,0.981084285570769,-0.35043904499150996,-0.198478983815183,-0.41909370959514497,-0.33550871503496005,"83","83",1,"Surui",-11,-62
850,-26.2454825927664,17.931701281006998,-1.5989698774946102,15.5066994467123,-12.6029513933746,-1.3190501853488799,0.3374593103660011,1.1220841459850701,1.33954703053166,0.234196169082944,0.0408141446477081,-1.5952296343694,1.3216062576024499,0.49853229080422,-0.0327717095331619,1.24645131373915,2.40190631307552,1.1972028914198,1.72090470473685,-1.7750600522632098,"83","83",1,"Surui",-11,-62
842,-24.7191210324967,18.9913875780617,-0.642631992861366,14.834490669414501,-13.6847699860034,-1.2161654432401798,1.89956152982999,0.457717352776308,1.1898433637221102,-0.163804134593431,1.8007994513719898,-0.70161628793935,0.684236212088301,0.649875966450938,-0.549393061810314,1.0736585591022099,1.9326448209193998,1.73955043198109,1.7074301038585502,-1.51870940826289,"83","83",1,"Surui",-11,-62
830,-26.8265225919776,18.175700287601103,-1.5235641303081202,15.2467683117505,-13.5163744374954,-0.4601231653927,0.24517288590040098,0.573488785103852,0.7121087714400791,0.0522913060031086,1.11518887505111,-1.15931548973769,-0.65944769220488,0.291906730573463,0.410006698711004,0.0641694402616804,0.8433460481715821,-0.48869016945283705,-0.25293031613969696,0.547421918469299,"83","83",1,"Surui",-11,-62