"key","PC1","PC2","PC3","PC4","PC5","PC6","PC7","PC8","PC9","PC10","PC11","PC12","PC13","PC14","PC15","PC16","PC17","PC18","PC19","PC20","grp","assigned_grp","support","Population","lat","lon"
985,8.81174878900762,5.978214528593861,-14.357556404479402,1.65179527415268,-0.298635793879737,-0.352236295939673,0.9360957936579741,-2.95759695690483,1.14168182629154,1.0281821011407601,-3.85509970495781,0.815442560678864,3.8240472131189196,0.256839110732512,-0.5755977792854711,-1.72207253898653,-1.18292249714215,0.739148789599427,-0.0352906232394751,1.60047617871481,"488","488",1,"BiakaPygmy",4,17
1090,10.9285007200787,4.0610894766506,-14.9058319860772,3.5178265478181405,1.59841011118064,-0.512858096441589,0.735996731761097,-4.13076150909535,1.2032368550188,3.4291966992601206,-3.8048371657459996,-0.385847828523174,2.6314518549477204,-0.240956615527254,-1.37001014494642,-0.649226600734302,0.078230059437569,0.40879023127466,0.28105386622961104,0.41200414618007897,"488","488",1,"BiakaPygmy",4,17
455,9.83193681829903,4.38160926543386,-14.9780245535335,1.5366903875843998,-0.3957985733232439,-0.4569833624383379,-1.34581220646527,-3.72313011758355,2.56922973860066,2.46877467577908,-2.9574764941584104,0.14822604093508202,3.81430094953242,-1.11102538160158,1.4832528541608798,-0.15785796678669597,-0.007206709152310971,0.803920788055775,0.386087092787092,1.04871300029429,"488","488",1,"BiakaPygmy",4,17
453,9.3390244935699,3.67278344936357,-14.3544034104667,1.19285715594235,-0.28468085008127103,0.31020588020599393,1.64916592596095,-4.26905337415496,1.5092178083913002,3.2758780643203,-3.05798282659342,-2.15355423175798,2.3333873486782997,-0.829279978377904,-0.065193092863067,-1.27437294949356,0.704079599594839,0.866862726394105,-0.0848494882658808,0.18431229264840301,"488","488",1,"BiakaPygmy",4,17
458,8.92882067203904,3.5948293392229904,-13.826912975213801,0.5669805304410279,-0.6990640876089721,-0.34090827673604496,-0.354133229767502,-3.55097861141055,0.664483005063672,0.8659328670295909,-2.3596653076320497,0.158482670004052,2.31470478907731,0.587317132008468,-0.9130007704035219,-0.43234452164088505,-1.27199145247272,-0.782293420408912,-0.5502347580201071,1.85851118365505,"488","488",0.999999999999345,"BiakaPygmy",4,17
459,8.06938694212366,4.81685123623579,-13.4029208993016,-0.29048944888778305,-2.79844877407641,0.313857732727389,2.04167905764951,-2.81670042479998,-0.639175159183732,2.21470372290255,-2.0609661222383098,-0.745386224959808,3.69822737503138,0.187141095406048,1.43808715540055,-0.961031173383566,-0.804835117353493,0.298270802578109,0.316891340760584,0.6273531396049611,"488","488",1,"BiakaPygmy",4,17
451,8.945551933714619,3.90883425485439,-14.725960831874302,1.13271585905759,-0.646674935923256,-0.12723811273041197,-0.787280034724194,-4.75394414034403,2.49331909489887,3.77666137353858,-2.6255386418419904,-0.26646528845735,3.46049967674318,-1.88129396173926,1.33519386753502,0.498618609708438,0.11781148990869801,-0.48007071618611796,-1.55427714438898,0.565345245093308,"488","488",1,"BiakaPygmy",4,17
465,9.46133504701581,3.50415528236172,-13.654760863292802,0.881319215230432,-1.68303120577967,-0.8203384862590141,1.85639337067482,-4.5656514843697895,0.8970187819493721,2.08293275307168,-3.3415324930500496,-0.0922165680086109,3.6841016357937098,-1.99646252960008,0.912918488974282,-0.290867954458464,0.6119744145471651,0.8072667129657959,0.9251454230142009,0.140310378324767,"488","488",1,"BiakaPygmy",4,17
1093,9.02170820984564,4.89751611227821,-17.224192364611,0.8278346184045621,1.5575565475488897,0.17003276655606103,1.31342418889061,-7.15985317545597,1.49263905878541,6.56007316131737,-9.854680808273839,-0.42062576344583,7.6518503142437995,-0.677345353523905,1.1854994957176699,-1.23240651229799,-2.3304868039198796,-0.19130560558052997,-0.510617279274774,-4.927163226873629,"488","488",1,"BiakaPygmy",4,17
1089,8.60156274222072,3.44164190611772,-14.9173609929314,1.30856124918729,-1.48353776382204,-0.116447908627256,0.993034232996663,-3.89339494008516,0.781025797242174,2.9602854722568703,-3.13736361759742,0.454155725963945,5.19273681725785,-0.9124309008427149,0.8314374245984342,-0.7366134079947281,0.23954305849294,-0.478428024877451,0.11698027286037802,0.40720921774441793,"488","488",1,"BiakaPygmy",4,17
986,9.04276779713024,4.59377177744291,-14.0945062466204,0.0860812995289726,-0.586117865521344,-0.374023748216957,1.89546478940319,-4.31431543875369,2.1981820465572,1.33497052684814,-5.14338541318193,-0.697161625060128,2.6957051287894904,-0.6810444624245551,0.6687943507011739,0.137304263802172,-0.249690514079118,-1.23048868669328,1.51434160198899,1.34574096311421,"488","488",1,"BiakaPygmy",4,17
448,8.188074995826321,4.165839685737319,-15.6007579504268,0.24381140422231398,-0.10762599593532801,-0.7338443897380629,1.12145095749718,-3.20030779967444,0.86507885118605,3.0633687181236295,-5.16400628003965,-0.956512252160258,2.02017471428721,-1.60288940996469,-0.21585864154302203,0.464997709025885,0.266930930950855,-0.790879013469284,0.152303011403313,0.63017270803621,"488","488",1,"BiakaPygmy",4,17
472,10.7509636455583,4.51366023014546,-15.219230017204099,-0.30974083998989804,-0.4664012698595,0.0428122420711731,0.6413827441533321,-4.39405365927177,0.229954183776892,2.7397932484444203,-3.576549110807,-0.308925822466612,2.66694546900877,-1.84243574498802,0.575278380505731,0.7697976603465359,0.22913007835777202,-0.57309507626593,-0.9327637390760211,1.0197624542081298,"488","488",1,"BiakaPygmy",4,17
1088,9.66659620456276,6.176609334667869,-14.4659360431636,0.7626593037019379,-0.949131979986648,-2.06382671062206,1.31257434214171,-3.55399902004792,0.397534126631038,4.60277421499279,-5.15800106342002,0.7258251683193059,4.68452695705642,-2.48687676402677,0.9166224535990369,-0.794838518240985,0.182735763694804,1.9918587387889999,1.3844850585271102,0.0337292565520887,"488","488",1,"BiakaPygmy",4,17
461,8.782368956058429,5.0817863454388394,-13.702695303236101,0.331768776992982,-0.045563755498669006,-0.29599584786254196,1.3878773043616102,-3.10379066431894,2.1388763323270403,3.34257779861252,-5.03562342482777,-1.9700621400708798,2.19338245878965,-1.77853214095664,-0.0103653529575594,-0.0343670558808523,-0.246887389662643,-0.7397239063183508,-0.20969491684789499,0.172250692231647,"488","488",1,"BiakaPygmy",4,17
473,9.36248328447893,5.20209272381236,-13.9650479752491,2.29222175469194,0.043030244648973995,-1.23329404956251,0.846850036632316,-4.3439745853697405,0.8589169360047241,4.0727544597225895,-2.91120107536118,0.338772752773875,5.31438667618158,-0.347379397929449,1.3462835532834398,-0.0723222269503433,1.58707321539176,0.146771438447904,0.231728892194733,0.9929043737895359,"488","488",1,"BiakaPygmy",4,17
454,10.267730713770801,3.6965726405924304,-14.636150682729498,0.337153773681088,-1.7107966199395201,-0.549427426782754,0.5935684838735911,-4.8137920474795095,0.727793196646145,1.69996562638143,-4.69894851942468,-1.83830533131169,1.7297092783764398,-2.35819844150437,-0.9599620008865319,1.31799717621592,0.173457161850219,0.212899657592107,-0.46019131380069395,1.22963077680334,"488","488",1,"BiakaPygmy",4,17
927,7.1892821868103205,4.66689967488265,-12.775045130437901,0.74214651830503,3.11833113726848,-0.848439338546575,2.0701529017592097,4.627503792716849,-1.93026441731092,1.07180515666629,0.6069518930182789,-2.7290268141539706,-0.41797987385867796,1.29143310127476,-1.6176540071545202,-0.128275165254935,-0.11709453268475,-0.0770292233445217,0.394251619290886,0.572255226705235,"465","465",0.690987342185631,"Yoruba",7.995094727000001,5
931,8.6658025897797,3.6081218736393703,-11.677818454679999,0.220753790437676,1.00145309546165,-0.785669804058379,1.96798050284902,5.427885004648781,-2.9696075473476804,-0.14995738651254,0.5852459966591421,-2.35772447131923,0.25414552917688393,0.8083142228600692,-0.376020637157443,0.33312197428946505,0.320958467595366,0.546850862942197,1.02551075846129,-0.26456583889722696,"465","465",0.771900111297241,"Yoruba",7.995094727000001,5
941,8.156123714266359,4.31264936381329,-11.5545815963444,-0.276704404724958,1.41023093223206,-0.685632966500729,1.40395054405621,4.48143273758377,-2.1939922306281496,-2.5742594153522798,1.3098741180352902,-1.04127728020656,-0.4481955706741729,0.39414257624736493,-0.396517717723855,-1.64365307880994,0.0149231700675392,0.9670445977381691,-1.7108212311299598,0.486459633453231,"465","465",0.902534712200374,"Yoruba",7.995094727000001,5
930,7.718844842192169,3.7877961137473304,-10.5295627370953,-0.6363209582039,-0.969181388128058,1.0108983934575502,1.0360284559704498,5.55507747698858,-0.41975712965919204,-1.6816378096205198,-0.0636959956869688,-1.56635291882052,0.0940497651954982,1.1152601070908001,-1.41476135279552,-0.6070622674337529,0.377925633099969,0.381175929425869,-0.72167587752025,-1.29294454287524,"465","464",0.838481140270422,"Yoruba",7.995094727000001,5
940,8.71343250673679,5.37011555166388,-11.395018122963801,0.19813627263152103,0.282665467631986,-0.41415152753384904,1.34369698592032,2.9126426814601203,-1.8775165881567901,-1.48235505012956,-0.299475239721096,-1.44426541037809,-1.38057877817513,0.541191100103128,-0.8754932969479041,-0.041094438343762,0.8426893086315,1.01951496310475,-1.11996916577156,0.16685796428758898,"465","465",0.9257857832110781,"Yoruba",7.995094727000001,5
922,9.47928124898677,3.60446292685288,-12.441121943855698,0.7133737832835799,1.02319977152398,0.744647518364576,1.0919504586483701,4.406147163606639,-3.3422374374268595,-1.45482482415887,-1.58456080379199,-0.866605167478448,-2.5118222657429703,1.24805696329289,-1.67368481422634,-1.45489699842091,1.6434489719980299,3.9779634513166497,0.579798974700947,-2.5061775010308702,"465","465",0.9998825560995629,"Yoruba",7.995094727000001,5
928,9.17895604781979,3.56474153163082,-13.433096889990198,1.08628408606524,1.55425436333401,-0.152166162710893,0.22678633216845,3.88215130317687,-2.35632026119468,-2.17934355837994,0.21472223314367397,-1.4896085713750202,-2.29677653738391,2.16782655296553,0.0261833741331334,0.10911777481219001,0.130050109005935,-0.35763785158132105,-0.664382639980821,0.0176714493607799,"465","465",0.949908938581264,"Yoruba",7.995094727000001,5
944,9.62976011345057,5.251345642511679,-11.648406807744,-0.0996272098107483,0.15745380421847902,-0.421891896167128,0.49130156107574396,3.7140305859250997,-0.239500717374168,-1.74307423715493,1.56788658463808,-1.3330578146211598,-0.5946509754069399,1.4536010937023798,0.159738976392963,-0.9302939038575091,0.493895622244087,0.225159847502031,0.518351900704289,-0.7118833607607199,"465","465",0.6605439787451259,"Yoruba",7.995094727000001,5
935,8.51087902897748,3.8001550176865697,-11.751030967188802,-1.12631031629056,2.4440573862561297,0.326629976229924,0.126313328248463,5.66218785735618,-2.85975387360889,-1.59178290367259,0.863661034153322,-0.0433556266514197,-1.3473626111625001,1.0799839099292199,-0.890867248714558,0.17895390777741899,-0.907059940290396,1.7116843358251501,-0.956226951707207,-0.959683697543972,"465","465",0.8871787761580129,"Yoruba",7.995094727000001,5
933,7.92221039838506,4.054469852661221,-12.141284730028902,-0.141724001331529,0.746615200489619,-0.519909273738458,1.32605731990657,6.057967006008201,-2.36742228620118,-1.21442774942477,0.927305634562674,-1.76010357784797,-1.17748676923401,-0.0134491280432486,-0.328057579628221,-0.0179144768706676,-1.1645878699156698,-0.36729390266927003,-0.87812640555743,0.36521523583406607,"465","464",0.507654543778753,"Yoruba",7.995094727000001,5
920,8.01567103107511,3.89966801006926,-11.493796769827199,-1.24198075901605,2.69327765720708,-0.191343200883662,0.47709110368721097,7.18848644910115,-2.13825366761134,-1.8448621827142502,-0.844305990216725,-0.8285978983029672,-1.0948217197512902,4.227419762026,0.348059521620664,-2.1570602092078,-2.11693133835949,1.4004547363216,0.343161182402017,1.17678869149077,"465","464",0.764545397763516,"Yoruba",7.995094727000001,5
924,9.18504733519559,4.65225348998016,-11.524887271961902,0.32992094335005395,1.14418242591163,0.419252095356488,-0.578053309453783,4.74468819903467,-1.1613515735358102,-3.740816930777,1.6068966380025602,-1.21333138549216,0.40710609010655396,-0.0906078857676825,-0.195024088111163,-1.5489870501795802,1.06256978579906,0.0946463243028041,-1.0048612978290499,0.0799415264002539,"465","465",0.683047909556616,"Yoruba",7.995094727000001,5
923,10.482098797849,4.01496389432641,-12.7543798221117,-0.34198145947095604,1.37393965739822,0.6009325455279829,1.2296682502309901,5.40406541235095,-3.86549356453552,-0.7883782956690709,-0.9861297367820001,-1.2021965519528401,-3.3638905387268903,2.02933309086309,-1.2343291758941,-1.46441562635618,1.8080747485883701,3.59641594056087,0.225190056932456,-1.79030478253057,"465","465",0.9999010171994069,"Yoruba",7.995094727000001,5
939,9.36677013498318,4.31715554726759,-11.794188029405198,0.270644193476471,-0.260602237283196,-0.0186330831425406,0.911885313397532,4.2084574343794,-2.4957299324299,-0.904638568959087,-0.538807923990953,-2.10424144894086,-0.794365687018391,1.67029120164464,0.841524877068032,-0.640513750993583,0.32387056771357303,0.43090439648593204,0.23083020458893,-0.8281347713352969,"465","465",0.9453344291333249,"Yoruba",7.995094727000001,5
1094,9.9934209689978,4.01909490841871,-12.6788798451316,1.2634565078648001,0.592113572515799,-0.9318595342060021,0.7084621218206311,-1.89931118384293,-0.0958579283741555,2.6982395283833505,-2.73661297258609,-0.37790050309994305,1.82845886062771,0.502463449983074,1.5041754247588102,-0.31497438421019897,0.8523113075701501,0.27988295742387204,0.393788325119264,0.8566473359546422,"488","488",0.999999999255528,"BiakaPygmy",4,17
452,8.817598644392051,2.6539886930633902,-13.733903867190099,-0.0052508449276701,-1.29513423240597,0.004430330342218671,0.975820400113759,-4.5419720962216905,0.980096076044823,3.7177013215287102,-5.0748982458945795,-0.729885275353683,3.9741790570272006,-1.45409524588334,-0.552174851288587,-0.22934998033169002,0.20198880672926803,1.86501711901127,2.1217686766021,-0.00355781114417045,"488","488",1,"BiakaPygmy",4,17
942,9.60668045897898,5.17346795413398,-12.670743215262402,0.21333141976350098,0.22737796095176102,0.8218239670512758,0.78823025919027,3.3675640693247004,-0.85604611858549,-0.433056296484581,-0.39575568150015006,-2.01952760159761,-1.5446191716034698,2.03678472704454,-0.598128400050163,-0.8709209818043041,1.4474116626698899,-0.0685816237700264,0.460677297093236,-1.5285869772205702,"465","465",0.929773154765092,"Yoruba",7.995094727000001,5
943,9.319928070625581,3.56934596608195,-13.3507046243648,0.156555495530641,0.6106799022398249,0.0318548314373654,1.81324960284352,4.17089962497468,0.29069170318915,-0.0398920351670015,-0.917339945976463,-0.172847210686198,-1.01996258253229,1.54993626421503,-1.02713251725287,1.19026876470946,0.148093850517395,-0.0377700112651026,0.287703533201587,-0.0932307768092209,"465","430",0.368886658821271,"Yoruba",7.995094727000001,5
938,8.4864158450241,3.81046228395887,-11.0779154736049,-0.817414161317003,0.950471954130985,-0.5725881035576821,0.7860187720494158,4.35691945512521,-0.706541029082345,-1.4028004559992902,-0.567869093870083,-2.25009064813802,-1.32996934988075,1.3182674007581299,0.471698382235315,-0.44960848357539507,0.682325916027955,1.7959273690223798,0.0616059492171825,0.3593995405676379,"465","465",0.9680431629986671,"Yoruba",7.995094727000001,5
934,7.4296906928850195,3.27629586553092,-11.7043382374326,-1.11034507926396,-0.7647790169980809,-0.593547849827556,0.8520281053138941,4.3966822650252,-2.2606083934395897,-0.5781915023958679,0.390787801724185,-0.293255947790989,-1.08855263232339,1.32340485660781,1.4835230213391999,-1.12460232873622,-0.0413235362681187,-0.46280891597282,0.7332672099447471,0.816531677086854,"465","464",0.8729353788299761,"Yoruba",7.995094727000001,5
926,8.50676727320215,3.71723764983474,-11.7093038275101,1.00118241538425,1.00170392465886,0.459410604511245,0.332968436150543,4.22436406804258,-1.6464918361163,-0.972056476073302,-0.6782579439924079,-1.63715512221793,-2.25702266834125,2.4615092094950604,0.0980125296654398,-1.49041148483444,-1.5812705794653001,1.78094362798753,-0.608355646619097,0.11984943241644802,"465","465",0.946491279840879,"Yoruba",7.995094727000001,5
1283,8.55653461609406,2.54633510650762,-11.8051051415442,-0.5888272945314871,0.773690135794358,0.528034036484804,0.848617070209744,4.741346497964219,-0.2926320585820639,1.0408462401595,1.68602804593323,0.797815977498679,0.37167487124047294,2.77256941603109,-0.5880815304320861,-1.06310824415836,-0.6707992934478171,-1.06282756339603,0.0631311935572296,-0.86186749883624,"464","464",0.997785363598877,"Mandenka",12,-12
1199,7.766989635243,3.76168890065251,-12.803403056301802,0.321439424221328,2.59705790193157,0.935826779749054,-0.970055661252489,5.57297031190978,-1.12011428875056,-1.9539165490578798,0.23569702448371696,-0.414244434144865,0.329020113092161,1.16566549993199,-1.17118956813802,-2.17608648765836,-0.10525703736193198,-0.421023796981396,-0.0632105798003099,1.14510186543509,"464","464",0.9553232770004579,"Mandenka",12,-12
1201,8.47976323022757,3.8615626551881896,-10.5853930827578,0.0976700260509912,1.32550649473506,0.6624339183869878,0.635252171005936,5.137827765651741,-2.9075157236601,-1.8019065310928701,0.381150766705084,-2.54885484241781,-0.048833291873855,2.63340957042335,-0.9563129366310759,0.5814091518019809,-0.642851525442942,0.150185730191462,-0.23399055842883704,-0.50990395406446,"464","465",0.580685868696402,"Mandenka",12,-12
905,6.89600086458339,2.52718410415884,-11.207029648968199,0.20471840228494,1.32895385469958,0.700515798941482,-0.323456307172203,5.4604790913442995,-0.6952342481923629,0.0113472604496083,1.4537046498471298,0.0598441485967382,-1.9141856754574902,2.8666448743997597,0.0781613305732038,-0.733171675714007,-0.7297544600488279,-0.0323573064737494,-0.107523132328437,-0.119552126496848,"464","464",0.991846338487272,"Mandenka",12,-12
919,8.5063711553395,4.10800679107266,-11.5649402762218,0.560866319930317,1.16825493034933,-0.5558245834358779,1.93749498624148,5.951861634715179,-3.3466757246251406,-0.5306602981048839,0.5275035931417751,-0.9507424333134559,-0.512303027920736,1.73735497567319,0.78805008786149,-0.984058231276995,-0.6743296729907919,-2.05529674080644,2.19009972724092,0.5146500833141461,"464","464",0.9804596508703729,"Mandenka",12,-12
918,10.463757839748501,4.10803992607323,-12.678506797077599,-0.4720641508841,1.01226157201903,-0.107260147222348,-0.325954815421155,4.51261897707031,-1.5047776551466798,-0.47323257613023795,1.01098683532286,0.210512256404869,-0.865946179086989,2.1572754137118797,0.7129879633225921,0.874569573189761,0.45481089783063106,-0.014062406049018,-0.32015924424362396,0.320368856386542,"464","465",0.45645333664123294,"Mandenka",12,-12
904,7.70981003550958,2.8314470323067598,-11.2843901080115,-0.600288069090091,-0.312466135205409,1.2588260002648501,0.599988597541744,6.280362451742059,-1.7755479891558101,-1.26377644284569,0.0312232559109891,-0.6032101044013539,-0.19658951529059002,1.85021632492849,-0.9475906462746679,-2.16273967936271,-0.28029832563101803,0.192297715326525,-0.34944445501571403,0.387749930259336,"464","464",0.9782066122415759,"Mandenka",12,-12
1202,7.37858155427004,3.56261531066329,-10.5910643795717,0.589003193410537,0.9648291593422971,-0.601715666438964,0.511094991981695,6.78057774067266,-2.11125185053969,-1.29579836600327,0.59786965110554,-1.54836607388222,-1.66878314546822,1.41229052805008,-1.29790971875735,-1.00021787396347,-0.611673753000499,-1.03057256397138,0.31135933967198803,-0.0158742298952008,"464","464",0.962853765197241,"Mandenka",12,-12
1285,8.901363458015581,3.84341764011907,-10.8534045348066,-0.89146991159593,0.0641068868696437,-0.933252557972687,0.16442923566139,6.29055001328003,-1.9144040093389498,-1.39141322954691,-0.348192853700729,-0.0954362734272184,-1.64753002132415,2.0778641703980902,-1.84532554023903,0.710833127298431,-0.0589148528477773,-0.182776736288932,0.0729074197705461,-0.26074103506638197,"464","464",0.769565679943521,"Mandenka",12,-12
1200,6.56505137639743,4.45843789024156,-10.913379359824901,-0.27167912100183106,-0.0491679464802056,1.02771855550905,1.5051308494809899,3.8073933014122003,-2.37134557098952,-1.4309199920391398,-0.250612495163316,-1.26804810001579,-0.55048545936965,1.23698329335475,-0.7240930608975351,-0.46931495206763396,0.435728589248868,-0.597525330518605,0.27707126164293,1.31572552519722,"464","464",0.7612220119809671,"Mandenka",12,-12
1284,8.48659757291769,3.4345497902277304,-10.5616002108978,-1.91999179027042,0.36447440640658507,0.0189784196884253,-0.205700318190131,4.5163186667915705,-0.9812906659856171,-0.7865377068678059,-1.1113561960123601,-1.9975993922383402,-0.976636765867377,1.55073556853769,0.6923289117030521,-0.155823618280099,1.0838179851368601,1.20469855067154,-0.0868023960713633,0.0217939331425956,"464","465",0.8040213004336261,"Mandenka",12,-12
907,8.43559731883799,4.29983527771267,-11.3493510888187,0.22390481386206304,-0.0170574601363377,-0.69915083884538,0.0998457839014799,4.64488109803742,-1.9731860712487,-0.0622365862149446,0.7452186053839991,-1.4628243215894399,-0.726508341330374,1.04772109094233,-1.15912962824095,-1.67964066819841,0.585055679728711,-1.68701701548103,-1.0264750612109501,0.0597124000439507,"464","464",0.8965324477792801,"Mandenka",12,-12
908,9.85504038861638,4.631439230630139,-10.8294805608285,1.47360993984507,0.713445089973177,0.497182705573318,1.8728575881316,4.92325712074748,-0.6654346725290881,0.129034635507715,0.0222950765616348,0.0319915125525965,0.217023977896108,1.2417327589175902,-2.4274398487436204,0.0909434260264992,0.885323207810203,-0.762294892177394,0.147433440860291,-0.44933971418260105,"464","464",0.936234962952863,"Mandenka",12,-12
1286,6.914819513544081,3.8802447920604597,-12.480869377812601,-0.38007271923025704,1.4618640890160801,-0.7541808748254789,2.93237914619846,6.4176441912241105,-0.4038656525381789,-1.03254407373091,-0.8535918626700141,-1.18529845673548,-0.7464777088035079,-0.0228580216683784,-1.40028451632959,-0.698831637965986,-1.00008039603996,-0.413318225554349,-0.8583773829673199,0.35289586361564296,"464","464",0.82040202229689,"Mandenka",12,-12
937,10.562373814646302,3.9306703612666696,-11.984836316026499,1.48552924806634,2.74096099268917,-0.6287332408870079,1.55082080297691,4.25095275896597,-1.20551483324991,-1.21379095728003,-0.08324807386617,-0.743627082406818,0.00782968232139113,0.523295110464286,-2.04701593086792,0.670518293058218,-0.187002136324323,0.822758137398298,0.9047950381651559,-0.18140584656304798,"465","465",0.894455274107285,"Yoruba",7.995094727000001,5
929,8.84955967418629,4.185247654675299,-10.777947108924401,-0.85633186722417,-0.143075966321998,-1.06520417088629,0.7804006748312059,3.15650179632357,-2.3183095424737297,-1.17772086599452,-0.591644256946001,-2.5771144435747595,-1.37487380661659,-0.193399667905915,-1.36463687929735,1.1072396251236498,0.630598674540421,-0.0739703658776439,-0.575691639836796,0.48943481066777206,"465","465",0.585196665347124,"Yoruba",7.995094727000001,5
925,9.378193872367161,3.5682237633455403,-12.0304310021275,-1.6025612124028998,2.11931228261667,0.488919705045133,0.171325214024762,5.10531425737662,-3.2976298492501197,-1.6040810378859898,-0.910193501718976,-0.36547624334775003,-3.57728898472521,1.5430000132602,-1.5023312495556498,-1.52106575768174,2.302914716079,3.32198717120364,-0.0566355583025986,-2.2724174236076404,"465","465",0.999707655586292,"Yoruba",7.995094727000001,5
932,8.862153654418771,3.9421088511723297,-12.0424993816744,1.97839601787442,-0.38612658689898,-1.051422210275,1.0730614632257,2.82973816797739,-1.57354024296651,-0.0630299083309287,-0.11508593197787101,-0.374132695897175,-0.7577781947387678,0.962863759287425,-0.167476035043337,0.0696913248446317,-0.10201689909418499,-0.340553440717794,-0.32332683974803006,0.27097061472456196,"465","430",0.546167331919175,"Yoruba",7.995094727000001,5
936,9.54337469758004,4.57387019376415,-12.653536176353901,0.314954684108485,0.522133086876424,0.0778687264210068,0.571079434531744,4.4061166228827,-1.9034474117863402,-1.3356966083341102,-2.3451732939017402,-0.8775855825376031,-1.99238131800565,-0.406503537350413,-2.6327856969822405,0.544138163842179,-0.122415324666548,0.0804573400936778,-1.59040366520946,1.23363765353061,"465","465",0.9651725541357109,"Yoruba",7.995094727000001,5
921,8.34488666549229,4.03358223811526,-11.6866098600907,-0.476208380202011,1.70833270041367,-1.30412217960648,-0.345913297508287,7.135692966224049,-1.55765719341232,-2.25159013162135,-0.155099317305685,-2.07489971791974,-1.3317079653514299,3.64500534068584,0.521163849955117,-1.5788164458292402,-1.4382230997931102,1.24997048697795,0.397915705049904,0.740358544577891,"465","465",0.6111840773307939,"Yoruba",7.995094727000001,5
906,7.31333861452314,2.66656950679092,-9.996837412501028,1.14191755565767,0.37995838225389006,0.7264380301721729,2.0346088725964,4.28124307633992,-0.16863607402230602,-2.22993064612571,0.411324315056182,1.47634340371588,-0.5417042466702461,2.8290227114657003,0.20424499682879702,-2.20112640570984,0.2573841657497,0.140931309702465,0.959789638556566,-0.276368946737199,"464","464",0.9923115438234471,"Mandenka",12,-12
991,7.33824981375896,3.36971911333094,-11.7882289908713,-0.42030891001456,1.99319294898368,1.09625937533764,-1.31757602745544,-3.2826144659883396,1.22018961221803,-1.36580118534881,2.7171563667465,1.78994706986158,0.0600033116400601,-1.5313534327242,-3.32452000055821,5.93223945939085,4.18137556173791,-1.71391334843992,-0.36154249954311496,0.458789256619295,"494","494",1,"San",-21,20
1028,8.94528893791314,3.9856776576971096,-11.6963886554494,0.464791835419479,1.57763840480441,-0.971326299474869,-0.35824786667081,3.0865581461540597,-1.93675270128766,-1.8801082315464601,1.6358064450538798,-1.6984808655262,-1.62902196628948,0.247116102188832,0.0016408312905803,1.5695023352368602,0.6531655393421228,-1.12179337269494,0.9391620474851801,0.0764317066434528,"430","430",0.9439331571048578,"BantuSouthAfrica",-25.56926433,24.25
992,8.73031651325884,3.75484643757415,-11.3316862696453,-0.18424255634920803,1.3872428044031497,0.30536784723785804,-0.7231778512111801,-1.49858447334432,2.47169018144223,-0.228278512865292,2.2282541346682403,1.80183441111146,0.285929026705981,-0.912387645553838,-1.7788680891976398,6.1745108496340295,3.13391954204577,-1.9307641488956002,0.883086005988702,0.131022175001482,"494","494",0.999999999999999,"San",-21,20
1033,8.94330694604568,2.55160393829241,-11.2755918331758,-0.837400954774601,1.14946603083813,-0.126375296607751,1.02480243370964,4.00782335745087,0.804230022050745,-0.6596272489701589,-1.19126815977671,-1.06404783030146,-0.603992578354244,1.54108280338699,-2.0037660620795603,0.403085386968148,2.01800733993392,-2.39951319038427,-0.384178962118844,1.3984439467405099,"430","464",0.524789613937397,"BantuSouthAfrica",-25.56926433,24.25
1036,8.8067258894732,4.64816290526531,-12.6888639302785,-0.0633800638377753,0.496205888783915,0.52073868674034,-0.634055736387793,-4.432241408170349,2.6435523044944103,0.188084345689427,2.9952443214159703,1.83479275893026,0.6245482897436999,0.23667661385509803,-2.03330294876026,4.2779688658210295,4.0360556975905,-1.5031846726018798,0.542067485232806,0.5480583634442029,"494","494",1,"San",-21,20
987,9.722127931619712,1.9393209840904497,-12.629792771296401,-0.74359776099307,0.143762374194426,1.32502367951755,-1.6417977586906103,-4.22669852226024,3.36515272630928,-0.568563956773525,5.29133609423975,0.8001187779847171,-0.819180983135116,-0.168237658046106,-5.837949938340219,7.6897882847337105,6.397608502563231,-1.87881188451047,2.5468598024457902,-1.8310499725043101,"494","494",1,"San",-21,20
1029,9.22235310495979,1.5318738925783402,-11.1480816284956,-0.8646578477539459,0.7227679553895359,1.2567482485783998,-0.6896401657333461,-3.8362719209619396,0.614937313523527,0.0679306213976931,4.4167258046095705,3.3422600221306,0.25654401146176503,-0.133909413039695,-3.4998623609658597,4.90298315920678,3.75187453221272,-1.2005543708673798,0.689895873946766,-1.01525634625577,"494","494",1,"San",-21,20
1032,9.678923560705618,4.0961944628586,-11.939005052011302,0.684716680359535,1.18756347962163,0.516078396576602,0.764840355075837,-1.87393858431591,1.7291123941508701,-0.578236468995508,2.7393419173135096,0.7340621819480949,0.208562047920698,-0.387488818658171,-4.3599148136860295,5.430068643951549,4.34578675237765,-1.5406826991544802,2.0412511539674396,0.415133099133169,"494","494",1,"San",-21,20
988,9.75116180400914,4.4391289546007195,-12.265910572123802,-1.21424449257422,1.2418060083888,0.274968356228463,-1.2284151488055202,-4.99656250354961,1.9956091581142301,-0.597630974746427,5.3230755151857,1.43924116573513,0.0819582517261336,-0.853041662593098,-6.5609192142020705,7.902448169507309,5.90376615777614,-2.77127002399002,2.12551084541536,-0.992265332287276,"494","494",1,"San",-21,20
479,10.517785716148301,4.3539734316801395,-14.8048404922909,1.2639941500150802,-0.31053543191950106,-1.21636390063288,0.81959493905771,-4.61332434858563,1.4766122480989798,2.3593600301748396,-2.9400503563908797,-2.3002259431556697,3.89638801264732,-1.68925800017743,-0.163933741053521,0.14012021658127802,-0.525164656964915,0.554706099542502,-0.0983553902417399,-0.11403404470498199,"488","488",1,"BiakaPygmy",4,17
460,7.94924539498202,3.97041250197531,-15.043491104472,2.31554309085727,-0.515870166736751,-0.47585814615907795,-0.8331104054993861,-3.5213841192422404,0.289120335660029,2.93375606650161,-1.37044416047116,0.7638340149070341,2.6860822925864904,-1.05546092649254,-0.657595230880834,0.7639771627104008,-0.414513172786645,-0.394715838456277,-0.7427855974888601,0.0409978401954988,"488","488",1,"BiakaPygmy",4,17
470,8.207349450330419,4.23367488021231,-12.8360383947982,0.221618821753865,-0.45091238308896703,-1.01020126233153,1.3495187032470501,-2.93866643166647,0.551927539091507,2.208089577752,-3.26833165173994,-0.877672264199604,3.22340597214931,-0.476987785669683,0.7701817396453309,1.0433345865296602,-0.7117800498618739,-1.14988687391579,-0.73829926637652,0.7888835610016359,"488","488",1,"BiakaPygmy",4,17
457,8.969910080930571,4.86146515001788,-15.8575858924757,0.9099492988911558,1.4432687283541799,0.33055436731590804,1.9972471601803001,-7.260037643921441,0.815408318211332,5.49720480963071,-7.6992680538948095,0.228088440413335,6.127680339940519,-0.819919097589567,0.726420084075771,-0.9201993647353579,-1.1044919313018,0.6677966174308441,-0.22750725951794398,-3.7206361010082203,"488","488",1,"BiakaPygmy",4,17
475,7.82847627379843,4.413889701439969,-13.4431562663585,0.8982860530024591,0.42778993677569,-0.28735074715929804,0.649814808687171,-0.969824278536816,0.394911449055572,2.51300100366127,-3.56676350535785,-1.24270156502175,3.53804714525518,-0.204761813053199,0.9410033280799491,-0.11820647998877302,0.8269152588571009,0.571402797850373,0.824353374701266,-0.516451328168336,"488","488",0.999999999999903,"BiakaPygmy",4,17
1085,10.5580421038571,4.962815000332481,-15.242972446733502,2.1623581569868002,0.153306067910647,-1.8751410998534501,1.5214695642960803,-3.0381492084038104,0.9390441000160369,3.2445407279978595,-3.87471606950208,0.72781371777578,3.1254970897841297,-1.77007014292584,1.7679774993418702,0.473733936605615,-0.22382666675986898,-0.17704687456947502,0.48746808252827206,0.548544748341398,"488","488",1,"BiakaPygmy",4,17
1084,8.42241955272147,4.91145867486865,-17.1079830153576,0.0560822351396226,0.472171844423727,-0.744596168568047,0.648294567071102,-5.87787143286934,1.2439807402323,4.5091217835606,-8.45983526204713,-0.18979327335247603,7.12038290237756,-1.0978161879866801,1.28566158008505,-1.1372103145692,-1.50180398547288,-0.429079068294474,-0.93611762143907,-4.11238430367625,"488","488",1,"BiakaPygmy",4,17
464,8.438893366093481,3.5499103151711804,-14.221165588022302,0.919017213407355,-0.442247408625667,0.6933605019872341,0.467823393578061,-3.47688054849534,0.592763640033539,2.92134301807172,-2.2910215986362,0.24033141304830602,3.6137431520418,-1.4585659164834899,0.49092603155210296,0.890708925053982,0.29369351673116495,0.269056845814383,-1.68403454782576,0.69076629116462,"488","488",1,"BiakaPygmy",4,17
466,9.181573983822279,3.95433481245825,-14.2379208499278,-0.273983418251257,-0.314539238951971,-0.7979919144027091,1.24706194288569,-4.0244152052812305,0.0489461160562535,4.229869242804299,-4.57568279181688,-0.0593881354504417,3.548447407084,-1.94010697094552,0.9955402942297791,-0.5557980128771159,-0.0915481724814096,0.7656655794647249,1.4151173980995602,0.4874942654454029,"488","488",1,"BiakaPygmy",4,17
477,7.61234746013484,5.3785148562461,-17.5782436254461,0.346915192548416,0.46846380706948,0.532705846354231,0.45529229950329797,-4.88914255425313,1.50879234364473,5.309526138053849,-8.89777527567062,-0.580376520578727,6.16116953133419,-2.44956409048006,1.27178997390094,-0.6002661786778871,-1.28427980139229,-0.26928735105799,-0.9004833350584559,-3.45835872431966,"488","488",1,"BiakaPygmy",4,17
469,8.20311953477707,4.79381345407194,-14.6000327643201,1.20040405919963,-1.1878085616383602,1.3782146315331498,0.395502939654235,-4.05404014513901,1.9861729269945902,1.2173334880553999,-3.9038217474057104,-0.639933062440689,3.7625670896575696,0.0012472154011135802,-0.376555641422764,0.48505696478293797,-0.961046300546,-0.30844757115209004,-1.20350747630218,0.183942055431257,"488","488",1,"BiakaPygmy",4,17
1086,8.52348452467375,4.02626023302898,-13.6846768532636,2.10804060731201,-1.03232405613276,-0.72857224392785,0.7631271194194069,-2.6637123175053103,1.6898342651705398,1.66607517572699,-3.8903162223481296,-1.48522308331721,2.73678524673773,0.563932175691056,-0.0275032796840769,0.717814451810548,-0.0297434937959184,0.138385986891394,0.13293050452694902,0.728426230840687,"488","488",1,"BiakaPygmy",4,17
1031,8.790813919071361,5.35042366737608,-11.8724948053612,-0.9996569940989241,1.6035704501761399,-1.3970933515481498,-0.559692313362678,3.2090292749983704,-1.7149847035538102,0.18173922217814698,1.03675468629761,-0.314522887138989,-2.40340678148909,0.488148845436912,0.11276554757989699,-0.36472940288998,-0.948698526900861,1.29502152315339,0.317749797695716,0.5084184266248299,"430","465",0.512451828997724,"BantuSouthAfrica",-25.56926433,24.25
993,11.3417032005955,2.6473603811407598,-14.1860603590325,0.31607889909527004,0.189750616409255,-0.11448712103613401,1.01031171064675,1.9206206819445601,-1.38385073927044,-1.3280884664205401,1.4855778842319,0.445460952990622,-1.66739516339034,-0.18893812101659702,-0.0511620325738675,2.13940988876122,1.3030727477671202,-0.7249724510829009,-1.2143178282191298,0.26050280455970704,"430","430",0.999990549910357,"BantuSouthAfrica",-25.56926433,24.25
1034,9.39141971174407,3.69159138729369,-10.3533214877727,0.5903808531407471,-2.1454667100018896,0.425458475179447,1.39352046999118,1.7396648017373701,-0.22079412618426603,-1.01903568667459,0.263108349670909,-0.429272046208146,-1.4673435055111599,1.0973729636954002,-1.3112677508322101,1.25988745246182,-0.017765042701494,0.8206291142421921,-0.0525194247577459,0.965702612894143,"430","430",0.6042152184475911,"BantuSouthAfrica",-25.56926433,24.25
1030,9.365445514562909,3.8359979360568,-13.7398333005671,0.483812891265365,0.728601953271953,1.1983801265168201,1.3491576303368702,1.5836057618018702,-1.19065438517004,0.00659940097505886,1.8175217260702698,-0.17568691334204,-1.37104829609164,0.8635861141808521,-0.682214639560751,1.96056443886179,0.0597464651318756,-0.8203344440280359,0.0789752788471086,0.219473460044773,"430","430",0.9999010739659041,"BantuSouthAfrica",-25.56926433,24.25
994,7.29186929408432,2.04059068099046,-12.215852903783901,0.19168508790597896,0.967443941660081,1.0635944093976502,0.079723781819289,1.03858663661863,-0.550044114425495,-1.21061993509814,1.90209689504293,-1.7536045174186599,-0.8182381873645179,0.19808495473506,-0.720000727543904,-0.322865402440208,0.172050754771312,-1.08332518551872,-0.30107389355374703,0.25776825541635,"430","430",0.987115659485597,"BantuSouthAfrica",-25.56926433,24.25
1035,10.363406897238699,4.26337627167534,-13.1145396490674,1.09081643968182,-0.625812438502544,0.8415254250050509,0.906883863730932,2.4688749405432997,-0.512381849320831,-0.7933174747386078,1.15902541241309,-1.44821699641421,-0.878127129057054,0.320568022871291,-1.11587846096374,-1.01451487918291,0.7615755988505342,0.34618100318549605,0.8245380690252979,0.571080870748322,"430","430",0.978282087069502,"BantuSouthAfrica",-25.56926433,24.25
1081,8.43869995405175,7.26930411681844,-14.5405391264623,1.16771358180787,0.366770013331482,-0.970137076902986,-2.6950140480421503,-7.08302615621012,2.64811015695591,-1.65298106971117,5.261875585315621,1.7318358863766297,-3.3864895800649704,-0.502907419195528,-0.32127421571735804,-1.2435685382912098,-1.24350124177026,-0.22629845268959803,-1.52214235102099,0.5339639077622701,"489","489",1,"MbutiPygmy",1,29
474,9.42464787358771,4.3336570251971205,-13.9163604315121,-0.740816390190335,1.2630213249616002,0.11183337599786801,-0.793497321085527,-7.547432997419679,1.6692350514947,-0.950565912700782,5.92830087088641,1.5759961022617701,-1.9982283836567398,-0.506196650991579,0.393943983051996,-1.9776818320788703,-1.03351049465749,-1.30524827019379,-0.7759169537618481,0.181239312915288,"489","489",1,"MbutiPygmy",1,29
983,10.088912881151,3.9297515686769997,-15.182268400033697,1.2650119327132099,3.28678721703668,-1.5952103844089898,-3.2139533766151698,-9.75529916047217,1.87668117294792,-0.377297762940494,7.41332897914503,2.01216795608425,-5.8095084170192095,-0.215135936644501,2.75924434718559,-3.00142559285214,-0.606801642243043,1.19808248590973,0.747207557557101,-1.75363093239491,"489","489",1,"MbutiPygmy",1,29
984,8.402967646115862,4.993949564062921,-14.7438231602023,0.576112042592718,0.7517252167996159,-0.989304291495929,-1.5406586367785502,-11.1289099623851,2.8990817181448705,-3.91248173895208,7.40438681722518,1.7518735575791398,-4.83119946327187,0.198280908101407,1.6933284064747398,-0.940388393747195,0.339871176409659,0.828868662164225,-0.594503928099611,0.0122604323451688,"489","489",1,"MbutiPygmy",1,29
476,9.58271462578721,2.16922548606785,-14.874290532167098,0.952117229438793,0.157099515928919,-1.51609766110933,-3.07066972369205,-9.06952835791749,2.7516079090490697,-2.37693433859895,6.3936620661401,1.6282108683865801,-3.54141586170703,-0.17145550487525002,1.17724359363459,-1.2108766920170502,-0.820813977932163,-1.11632481770499,0.16291443963637198,0.28783705977289503,"489","489",1,"MbutiPygmy",1,29
468,9.60693380045282,4.56193384301638,-15.614425966223099,1.17045747838826,2.3697104371388797,-0.941321795283273,-1.6548861091758302,-11.829610708131499,3.3846034451231097,-3.6432802476894506,9.39599480348967,3.53112433289335,-6.71904792920422,-0.63790706516525,1.55321685835935,-2.48657427022661,-0.0228211032512789,-0.0962634393136838,-0.48987973981646205,0.649645148266218,"489","489",1,"MbutiPygmy",1,29
471,10.011236387706301,4.376905113714249,-14.158803232587301,0.848825784368677,0.505313141781526,-1.5769885033787798,-3.54075292078777,-11.3890292122674,2.4659927421890098,-2.1511074226796003,8.54565244295033,3.7768663110467897,-5.60887272298609,-0.46166485741547,1.44596693143334,-1.93393340300621,-1.01375053176323,-0.7952320935341101,-1.01254292641099,0.505204030607556,"489","489",1,"MbutiPygmy",1,29
456,9.409676466561509,5.570707608100911,-15.435796518029802,-0.298588268988078,0.7822214379021709,-0.267639738684713,-2.45174153943801,-8.71263739701449,0.397320129585505,-1.5868083087350902,4.95843422090351,2.9585554744484,-3.31590872369149,-0.0923169869120979,0.311913052094385,-1.79371979651032,-0.3382528644493111,-0.126210992118622,-0.736579569278463,-0.972246915275619,"489","489",1,"MbutiPygmy",1,29
982,9.398107429185231,4.484816046295781,-13.2045263910865,0.8225470625663459,3.0234085845782204,-0.0680410025759601,-2.12867866219046,-9.305719298472,1.5524017728397501,-0.5304349539168179,7.0331208914468,1.78147827463393,-4.69077229989771,-0.12865595208476502,2.61584293521435,-3.2869844997207798,-2.22795333087708,1.0515049190728,0.8056763541328291,-1.027968887554,"489","489",1,"MbutiPygmy",1,29
449,10.4886954502282,4.447853924325179,-14.0898054270841,0.539998167936332,1.9929662393273602,-1.95881342963365,-1.7782129725751799,-8.431558577447621,1.76187076589369,-1.5639944055444,4.8751818720064195,2.2243248406520397,-3.63164417744501,-0.915494796676407,0.0805923557574558,-0.598201970648845,-1.9216859961231598,0.0539940500240108,-0.32559395394152196,-0.19221867703438603,"489","489",1,"MbutiPygmy",1,29
478,8.94683987201684,4.66396156910765,-14.2858401641204,1.2878425469590702,2.27216771204692,-0.543289888486323,-1.94704007080298,-9.63848244532252,2.51287366821456,-1.55258367946915,5.52921806934266,1.43235601142587,-4.2612188490948,0.0310842573735532,1.16232775654217,-1.76951111175944,-1.9511270816692599,0.8271283748865591,-0.606088451725079,0.241674594029923,"489","489",1,"MbutiPygmy",1,29
450,10.138670043755901,4.84162170819551,-13.942707562469598,-1.45974800626948,2.11020840467009,0.19019116758536397,-1.17411714648583,-8.81397215846736,1.79424734861273,-1.8959564770472699,6.79759377842984,1.19170419208079,-4.464323814845129,-1.9580451392968101,1.03361659803894,-2.42099213399713,-0.753960165494467,-1.3471233165839898,0.17152456399376198,0.4252925680858529,"489","489",1,"MbutiPygmy",1,29
462,8.702671660316861,4.0829900038634195,-15.4787014529409,1.09785880143912,2.4527992834499104,-1.0980243063539301,-0.29954934972587,-7.481530746718541,1.9321638345278098,-2.78525153492742,5.6719890875936505,1.8205015684263302,-2.97971494261096,-0.25102082731804004,0.193965507102658,-1.8597161309192902,-1.2173767038544199,1.27047604523692,-0.21203786787379802,0.3614155497833271,"489","489",1,"MbutiPygmy",1,29
467,9.8200037384139,4.17088708378241,-13.9831074852375,-0.27717735613999395,2.57154929944342,-0.8891580197803821,-2.05956586602248,-9.06683787207105,1.1304113679312,-2.47638916524308,5.829821631324839,1.6164224228962298,-4.256432082314641,0.269275086683309,1.7744475587993702,-0.676335954189566,-0.395068401771145,0.272049282384001,-0.584138768221277,0.0579945176956458,"489","489",1,"MbutiPygmy",1,29
463,9.45036308597326,4.19073121341164,-14.2268940917746,0.48557304946790897,1.4074676615244401,-0.537709517699714,-1.31021183966381,-9.10082868128619,2.02141620288244,-2.8796679959625,6.0481992449850095,1.82122578264754,-2.5144308136918796,0.6770374966828699,0.519275784063435,-1.89646989502732,-0.945925095462763,0.815559092830662,-0.39446940147640297,0.494481812133492,"489","489",1,"MbutiPygmy",1,29
1415,7.445474349022129,4.03993522153247,-9.97317341570403,-1.1941014415281899,0.9187228879961871,0.149939619999837,0.222647670828458,1.10870348395171,-1.6484487400711498,-1.32313090323549,0.069398999627316,-0.630375265837414,1.02580164035797,1.41927376648986,-1.2578279078018,0.382186344912195,0.8734404559909271,0.47410311258819,1.68691517535569,-0.431107467656274,"441","441",0.998439175979188,"BantuKenya",-3,37
1408,6.4499139287597504,4.685916371215139,-10.421642082096401,0.6936085962839721,0.8773778709446841,-0.32925200313851005,-0.145456779296822,4.23635851288112,-0.678259897494639,-1.97776452332131,-0.374206709700447,-0.880710482531461,0.363322215793405,1.0602896005973002,0.43650410619578994,-1.31162803429771,0.235942775686972,0.548620098084736,-0.487354688985756,0.262788645923186,"441","464",0.714720529918927,"BantuKenya",-3,37
1416,9.17067444799747,3.74672102515098,-10.641889767514,1.13729311557075,1.1209362508198402,-0.45961719257169,-1.1743962376808201,0.47604979042594797,0.475915243937707,0.035958955633473996,-0.634103498810036,-0.758234397708192,-1.27325486207082,-0.0533347871316598,-0.19820126880445899,-0.0218444302979304,-0.7477150370495659,0.863746382418303,-0.9756752464045719,0.593448582208443,"441","441",0.9748391603478391,"BantuKenya",-3,37
1411,10.896617917191698,4.36336491131787,-8.95568777141738,-1.80511576082256,0.315300916987156,-0.616427171220405,-0.0117700926395918,1.65000446687635,-0.529147837466228,-1.28101119549399,1.2419777344345,-0.497480278696595,-0.0100709262671777,1.0001723871517199,-1.2330052255380801,0.995881703087513,0.165609893262191,0.199586458266203,1.2279332414859598,1.06365705997162,"441","441",0.9933038721814008,"BantuKenya",-3,37
1405,9.51973840069635,4.53863859746434,-11.049644412470201,-0.595310653210606,1.1227386179631398,0.138649734423006,-0.17647106126117498,2.5817477680044103,-2.1249418123013,-0.9539038893694269,-1.88721294323771,-1.67201095789637,-1.3579280739546897,1.4721053178311798,-2.83318000570983,-0.0207333500930615,0.27001111511708603,-0.824622599912521,-0.302083512976034,1.4214492567064598,"441","441",0.8617954771472179,"BantuKenya",-3,37
1418,9.36517951312671,3.83444174941988,-10.4481075220247,0.561440808839524,-0.608040266543703,-0.529034435333328,0.5303296629434989,3.08860006960585,-0.909777419750141,1.01240534536404,-1.27335490046726,-2.01282847527935,-1.89500884174856,2.98838456273436,-0.34102293755629304,-0.275712102302349,-0.19046249799141396,1.6734989956763702,0.7261351376901992,-0.9345579089171021,"441","441",0.79074383273325,"BantuKenya",-3,37
1412,8.97742829990155,3.4378415724999303,-10.576700258438699,1.09307790400063,-0.160206196941619,0.8000244828865241,0.0469561161141033,4.12309908305072,-1.20675387879529,1.31595656099769,1.16311703017125,0.36645414050105996,-0.9478520238035258,2.7718435481059402,-0.7799179995345681,-0.383047661279437,-0.0288882115572776,0.7665383523794019,0.382422087419945,-0.452659488379559,"441","464",0.6882339633311341,"BantuKenya",-3,37
1417,8.72010665279099,3.9546313634158903,-11.7011366932783,-0.173912424224695,1.03523820721721,0.292083830336867,0.48176802931567403,3.5415691207497204,-1.51985227148068,-0.520648719124038,0.48396848050256697,0.6225154522198421,-0.64270199914786,1.20364524158264,-0.35235449474192704,-0.6809251860252039,-0.8491636978901741,0.140285351611265,0.0636939216793103,0.603966673159988,"441","464",0.636597237780006,"BantuKenya",-3,37
1406,8.47356519572544,2.9887373384326805,-8.886354659747981,-0.27035291984823,2.02464401986834,0.5277022920703119,-0.7950047854544521,2.68061933798262,-0.20667016153667497,-1.0628285827778001,0.36095324235293,-2.4916820982792403,-0.0963286564467709,-0.0537429206746557,-0.48532122349291207,-0.574051103014457,1.11769326988942,-0.627111189002187,0.539203287665485,0.408048688392726,"441","441",0.995044841220312,"BantuKenya",-3,37
1419,8.89135664194976,4.78629382930166,-11.1994625804458,0.199041096340962,2.3832869864975,-0.281466569202249,-0.771373633991017,2.15037637206474,-1.32711672574236,-0.32626908602091,0.294402017590875,-1.4066147687190902,-2.1472487287562,1.8185527367118701,-0.31970830478907697,-0.816873220709333,-0.636552943338624,1.3319159276506498,-0.6533888844736601,0.503992614288726,"441","441",0.879869958991966,"BantuKenya",-3,37
1414,7.54839761997974,5.036146950307019,-9.30756269838153,-0.0134922940009394,-0.391964698908616,-1.45903027055657,0.264328889326284,2.8703392174105096,-2.0448046424152904,0.11012565368965802,0.173239111917973,-0.8151170240006809,-0.367492485945483,1.31454563582919,-1.2453710245222098,0.239803163977374,-0.977571914298761,-0.863177914701534,-0.146105999615734,-0.809694106456766,"441","441",0.984849803092802,"BantuKenya",-3,37
1413,10.4071257446804,4.18558945804575,-8.64814168896381,-1.5931971990403997,0.140353633907617,-0.647711113223325,-0.17725989659468397,1.24810602171359,0.0180414762026234,-0.505717228696419,2.21748500731137,-0.00819520819903167,-0.968965371667078,1.76292782320914,-1.2423960637805902,0.26810012667985605,-0.242650810775592,-0.17649635454649298,0.501477788205275,0.998137726851675,"441","441",0.9963264364660721,"BantuKenya",-3,37
917,9.12250761117655,2.79843493068299,-11.1872527492634,1.5038035088975301,0.7056527771702349,2.2605215490662403,1.4423025872425,3.9942328924415698,-1.2302087000246102,-0.9043835511727579,-0.5762665699011801,-1.28072390190448,0.597426011956509,2.2415212831988303,0.572823666479692,-1.5699573304265202,-0.553916540400936,0.455776407873373,-0.7434605274552901,0.5378973846370689,"464","464",0.840080950984009,"Mandenka",12,-12
909,9.13711189203526,2.0388719296689497,-12.2326233844279,0.823826584588109,0.0470853957542008,-0.9841895169064849,1.7060296209215502,5.16321624049474,-1.36439651508974,1.4746113125873301,0.21097360456394895,0.743101093055477,-0.47216988945784005,1.5927939963506001,-1.17390486647745,-0.0358859375521142,1.25577301499984,-0.520769059332577,0.861956789755293,-0.37124367306157596,"464","464",0.9681358092016441,"Mandenka",12,-12
915,7.54201969803272,3.99988732008006,-11.561161212105,-0.831743073803612,1.33734689892261,-0.512201868706562,-0.498397035587433,6.751588561744419,-1.03407728261825,-1.34685446755632,-0.46696536013406204,-0.0679172655521569,0.0537313892995839,0.6961842749138362,-1.3132677528994399,-0.517425182095839,-0.36271096387357504,-0.808678307698898,-0.5445764090530321,-1.3510705648793102,"464","464",0.9744168188103391,"Mandenka",12,-12
916,7.95387038260504,6.26588155242293,-12.8941413065481,0.367980652613768,-0.46495840951043604,-0.531309180012958,1.06879621244201,5.118312515911559,-2.48670867399689,-2.2738657624533,1.08070647280149,0.8607547144273751,-1.2414667856667,1.28445885732079,-1.24236957692445,-1.75199699496707,-0.26837822244479703,0.57459819824291,0.33953173206072496,-0.6750201667367421,"464","465",0.6902309876160111,"Mandenka",12,-12
912,7.842147485279981,2.52796728979436,-10.6677670239217,0.42615997175429204,0.7993236957478441,1.37690978923217,0.49836888507795796,6.4470752100613,-0.504213940565083,-1.98600373974648,0.3574695341715539,-0.330224961675312,0.259240466956662,1.5926585290056898,0.273026056236613,-1.9370038864500503,-0.946454504574144,0.46326084583369603,-0.338465890646976,0.616666949904834,"464","464",0.9931565243841579,"Mandenka",12,-12
914,8.49536830978639,4.52770483941401,-11.238441301833902,0.0269132596699449,1.6683850145562398,0.16204401055725398,-1.03573868918141,6.4684487631070695,-0.6458093446229389,0.455360774134887,-0.0405084096913739,-1.00633774639986,-1.1315354164453102,1.24345204779877,-1.4212610839606399,0.266427733357305,0.44113921013535107,-0.5104128652905271,0.112759157356875,0.6808803631143071,"464","464",0.948474603257107,"Mandenka",12,-12
911,8.77971593734797,4.66303164426823,-11.1533044517273,-1.20236935083948,0.20293346802207002,0.364764154867993,-0.890271234600316,5.0099217473288205,-0.989544187021552,-1.5037940050546001,0.44879100152018503,0.133848438173153,-1.08843057936602,1.83592848609626,0.20728425549852397,-0.6544954562764039,0.24451305863533299,-2.08552375648528,0.130877539677968,-0.5850599758356121,"464","464",0.974771516341853,"Mandenka",12,-12
913,8.27733568564687,3.58575139305523,-12.004773741004,1.65801738232839,1.70559100096542,0.28380990262961797,2.4181708104315898,6.4347957342164,-2.54500308002235,0.362933718793716,0.584711464709833,-1.60846117771772,-1.30104979255605,1.45324211762268,-0.27421705562153303,0.0566263401051206,0.08746254882374299,-2.0758197848081004,-0.0607670256915643,0.657453035593244,"464","464",0.9732223045540309,"Mandenka",12,-12
910,10.5100559720824,4.12441088480825,-11.077761603165,0.7485249571214159,1.3705068058229,-0.432098388564197,1.5292482403039598,3.84969570461406,-0.9860698931957992,-0.256104894438364,-0.257296348080649,-0.6566321478813261,0.0178352779980388,0.5120853372511621,0.14272788979661402,-0.372765508457978,-1.39678592024147,1.85840521959914,-0.562876361615765,-0.334471333262768,"464","465",0.8548600570952921,"Mandenka",12,-12
1091,8.72818281657946,4.32613396265495,-15.2607360969435,-0.905380956999924,-0.956188682631037,-0.307001347069852,0.49962266983305,-4.42879894072216,1.34752709999831,2.61325795740182,-2.5723798649723597,0.14712944101806197,2.0239381115518102,-1.6014324921615999,1.2516525194788999,1.4822184776117802,-1.03300380423738,0.757412891264375,-1.23627217693666,0.6628574283819311,"488","488",1,"BiakaPygmy",4,17